time	V(out)	V(n011)
0.000000000000000e+00	5.999689e-12	0.000000e+00
4.882812557061023e-11	6.003198e-12	1.371379e-07
9.765625114122045e-11	6.011192e-12	2.742758e-07
1.098632825338730e-10	6.013856e-12	3.085602e-07
1.342773453191781e-10	6.020073e-12	3.771292e-07
1.831054708897883e-10	6.041390e-12	5.142671e-07
2.807617220310088e-10	6.140866e-12	7.885428e-07
4.760742243134497e-10	6.906475e-12	1.337094e-06
8.666992288783315e-10	1.521716e-11	2.434198e-06
1.647949238008095e-09	1.218909e-10	4.628404e-06
3.210449256267622e-09	1.561911e-09	9.016816e-06
6.335449292786677e-09	2.040287e-08	1.779364e-05
1.258544936582479e-08	2.406215e-07	3.534729e-05
2.465650402363736e-08	2.205714e-06	6.924986e-05
3.630367063839359e-08	6.961405e-06	1.019619e-04
5.424385794841484e-08	2.100551e-05	1.523484e-04
7.876236833033238e-08	5.261827e-05	2.212107e-04
1.277993890941674e-07	1.487478e-04	3.589353e-04
1.921031627939539e-07	3.236849e-04	5.395377e-04
2.832533262664619e-07	6.437263e-04	7.955403e-04
4.293628701288873e-07	1.304480e-03	1.205900e-03
6.500022014488647e-07	2.585222e-03	1.825581e-03
9.516920277261681e-07	4.750101e-03	2.672891e-03
1.378723060864970e-06	8.343919e-03	3.872211e-03
1.959014985660971e-06	1.375151e-02	5.501919e-03
2.787656785353023e-06	2.181895e-02	7.828968e-03
4.010117680682089e-06	3.367575e-02	1.126156e-02
5.847495471668081e-06	5.100140e-02	1.641949e-02
8.853622724964532e-06	7.871620e-02	2.485332e-02
1.582906915353596e-05	1.429120e-01	4.447626e-02
2.280451558210739e-05	2.065275e-01	6.392143e-02
2.977996201067882e-05	2.695626e-01	8.318883e-02
3.675540843925025e-05	3.320175e-01	1.022784e-01
4.373085486782168e-05	3.938919e-01	1.211903e-01
5.070630129639311e-05	4.551861e-01	1.399244e-01
5.768174772496452e-05	5.159000e-01	1.584807e-01
7.023755129639311e-05	6.235243e-01	1.913764e-01
8.279335486782170e-05	7.257616e-01	2.226261e-01
9.534915843925027e-05	8.226117e-01	2.522296e-01
1.079049620106789e-04	9.140746e-01	2.801869e-01
1.204607655821074e-04	1.000150e+00	3.064982e-01
1.330165691535360e-04	1.080839e+00	3.311633e-01
1.455723727249646e-04	1.156140e+00	3.541823e-01
1.630109887963932e-04	1.248244e+00	3.823388e-01
1.804496048678218e-04	1.323672e+00	4.053990e-01
1.978882209392504e-04	1.382425e+00	4.233630e-01
2.153268370106789e-04	1.424503e+00	4.362308e-01
2.327654530821075e-04	1.449906e+00	4.440022e-01
2.502040691535361e-04	1.458633e+00	4.466774e-01
2.676426852249647e-04	1.450685e+00	4.442564e-01
2.850813012963933e-04	1.422201e+00	4.355585e-01
3.025199173678219e-04	1.378477e+00	4.222024e-01
3.199585334392505e-04	1.319513e+00	4.041881e-01
3.373971495106790e-04	1.245309e+00	3.815157e-01
3.548357655821077e-04	1.155865e+00	3.541850e-01
3.722743816535363e-04	1.051182e+00	3.221962e-01
3.897129977249648e-04	9.312587e-01	2.855491e-01
4.001761673678219e-04	8.543978e-01	2.620608e-01
4.106393370106791e-04	7.747296e-01	2.377141e-01
4.211025066535363e-04	6.922541e-01	2.125092e-01
4.315656762963934e-04	6.069714e-01	1.864459e-01
4.420288459392505e-04	5.188814e-01	1.595244e-01
4.524920155821077e-04	4.279840e-01	1.317446e-01
4.629551852249648e-04	3.342794e-01	1.031066e-01
4.678379977249648e-04	2.903615e-01	8.968421e-02
4.727208102249649e-04	2.462719e-01	7.620932e-02
4.776036227249649e-04	2.020105e-01	6.268187e-02
4.824864352249649e-04	1.575774e-01	4.910187e-02
4.873692477249649e-04	1.129726e-01	3.546931e-02
4.922520602249649e-04	6.819601e-02	2.178419e-02
4.971348727249649e-04	2.324770e-02	8.046515e-03
5.117833102249649e-04	-1.112611e-01	-3.306419e-02
5.194563012963935e-04	-1.818227e-01	-5.463059e-02
5.271292923678220e-04	-2.515688e-01	-7.594791e-02
5.348022834392506e-04	-3.204994e-01	-9.701614e-02
5.424752745106792e-04	-3.886145e-01	-1.178353e-01
5.501482655821078e-04	-4.559140e-01	-1.384053e-01
5.578212566535363e-04	-5.223980e-01	-1.587263e-01
5.654942477249649e-04	-5.880665e-01	-1.787982e-01
5.787475959392506e-04	-6.991753e-01	-2.127596e-01
5.920009441535364e-04	-8.037791e-01	-2.447332e-01
6.052542923678222e-04	-9.018779e-01	-2.747191e-01
6.185076405821079e-04	-9.934718e-01	-3.027173e-01
6.317609887963936e-04	-1.078561e+00	-3.287277e-01
6.450143370106793e-04	-1.157145e+00	-3.527504e-01
6.582676852249650e-04	-1.229224e+00	-3.747853e-01
6.757063012963936e-04	-1.310148e+00	-3.995258e-01
6.931449173678223e-04	-1.374079e+00	-4.190728e-01
7.105835334392508e-04	-1.421017e+00	-4.334261e-01
7.280221495106794e-04	-1.450961e+00	-4.425858e-01
7.454607655821080e-04	-1.463912e+00	-4.465520e-01
7.628993816535366e-04	-1.459869e+00	-4.453246e-01
7.803379977249651e-04	-1.438833e+00	-4.389035e-01
7.963815245106794e-04	-1.401859e+00	-4.276104e-01
8.124250512963938e-04	-1.352315e+00	-4.124753e-01
8.284685780821081e-04	-1.290202e+00	-3.934983e-01
8.445121048678224e-04	-1.215520e+00	-3.706793e-01
8.605556316535366e-04	-1.128269e+00	-3.440184e-01
8.765991584392509e-04	-1.028449e+00	-3.135155e-01
8.926426852249652e-04	-9.160588e-01	-2.791706e-01
9.031058548678223e-04	-8.381164e-01	-2.553518e-01
9.135690245106795e-04	-7.574709e-01	-2.307066e-01
9.240321941535367e-04	-6.741221e-01	-2.052348e-01
9.344953637963939e-04	-5.880701e-01	-1.789366e-01
9.449585334392510e-04	-4.993149e-01	-1.518120e-01
9.554217030821082e-04	-4.078565e-01	-1.238608e-01
9.658848727249653e-04	-3.136948e-01	-9.508315e-02
9.707676852249652e-04	-2.696057e-01	-8.160855e-02
9.756504977249652e-04	-2.253701e-01	-6.808909e-02
9.805333102249651e-04	-1.809878e-01	-5.452475e-02
9.854161227249650e-04	-1.364590e-01	-4.091554e-02
9.902989352249651e-04	-9.178356e-02	-2.726146e-02
9.951817477249650e-04	-4.696153e-02	-1.356250e-02
1.000064560224965e-03	-1.992907e-03	1.813228e-04
1.004947372724965e-03	4.297492e-02	1.392498e-02
1.009830185224965e-03	8.779460e-02	2.762342e-02
1.014712997724965e-03	1.324661e-01	4.127665e-02
1.019595810224964e-03	1.769895e-01	5.488467e-02
1.024478622724964e-03	2.213647e-01	6.844748e-02
1.029361435224964e-03	2.655918e-01	8.196507e-02
1.034244247724964e-03	3.096708e-01	9.543746e-02
1.044707417367821e-03	4.038052e-01	1.242092e-01
1.055170587010678e-03	4.952299e-01	1.521530e-01
1.065633756653535e-03	5.839449e-01	1.792689e-01
1.076096926296392e-03	6.699502e-01	2.055569e-01
1.086560095939249e-03	7.532459e-01	2.310171e-01
1.097023265582106e-03	8.338318e-01	2.556493e-01
1.107486435224963e-03	9.117081e-01	2.794537e-01
1.124227506653534e-03	1.028779e+00	3.152394e-01
1.140968578082105e-03	1.132043e+00	3.468061e-01
1.157709649510676e-03	1.221502e+00	3.741536e-01
1.174450720939247e-03	1.297155e+00	3.972820e-01
1.191191792367818e-03	1.359002e+00	4.161913e-01
1.207932863796389e-03	1.407044e+00	4.308814e-01
1.224673935224960e-03	1.441279e+00	4.413525e-01
1.242112551296388e-03	1.457106e+00	4.461979e-01
1.259551167367816e-03	1.456054e+00	4.458842e-01
1.276989783439245e-03	1.438123e+00	4.404114e-01
1.294428399510673e-03	1.403312e+00	4.297795e-01
1.311867015582101e-03	1.351622e+00	4.139885e-01
1.329305631653529e-03	1.283053e+00	3.930384e-01
1.346744247724957e-03	1.197604e+00	3.669293e-01
1.359300051296386e-03	1.126688e+00	3.452596e-01
1.371855854867814e-03	1.050044e+00	3.218387e-01
1.384411658439242e-03	9.676709e-01	2.966666e-01
1.396967462010671e-03	8.795692e-01	2.697433e-01
1.409523265582099e-03	7.857387e-01	2.410687e-01
1.422079069153527e-03	6.861795e-01	2.106428e-01
1.434634872724956e-03	5.808915e-01	1.784658e-01
1.442307863796384e-03	5.151926e-01	1.583873e-01
1.449980854867812e-03	4.486820e-01	1.380605e-01
1.457653845939241e-03	3.813595e-01	1.174854e-01
1.465326837010669e-03	3.132253e-01	9.666211e-02
1.472999828082098e-03	2.442793e-01	7.559052e-02
1.480672819153526e-03	1.745215e-01	5.427066e-02
1.488345810224954e-03	1.039520e-01	3.270252e-02
1.491833533439240e-03	7.192600e-02	2.291439e-02
1.495321256653526e-03	3.990258e-02	1.312699e-02
1.498808979867811e-03	7.881713e-03	3.340346e-03
1.502296703082097e-03	-2.413660e-02	-6.445556e-03
1.505784426296383e-03	-5.615237e-02	-1.623071e-02
1.509272149510668e-03	-8.816558e-02	-2.601513e-02
1.512759872724954e-03	-1.201762e-01	-3.579879e-02
1.520432863796382e-03	-1.906935e-01	-5.735167e-02
1.528105854867811e-03	-2.603751e-01	-7.864929e-02
1.535778845939239e-03	-3.292210e-01	-9.969166e-02
1.543451837010668e-03	-3.972312e-01	-1.204788e-01
1.551124828082096e-03	-4.644057e-01	-1.410106e-01
1.558797819153524e-03	-5.307445e-01	-1.612873e-01
1.566470810224953e-03	-5.962476e-01	-1.813086e-01
1.579724158439238e-03	-7.070191e-01	-2.151670e-01
1.592977506653524e-03	-8.112387e-01	-2.470232e-01
1.606230854867809e-03	-9.089065e-01	-2.768774e-01
1.619484203082095e-03	-1.000022e+00	-3.047294e-01
1.632737551296380e-03	-1.084586e+00	-3.305794e-01
1.645990899510665e-03	-1.162598e+00	-3.544272e-01
1.659244247724951e-03	-1.234058e+00	-3.762730e-01
1.676682863796379e-03	-1.314101e+00	-4.007439e-01
1.694121479867807e-03	-1.377130e+00	-4.200152e-01
1.711560095939235e-03	-1.423145e+00	-4.340867e-01
1.728998712010664e-03	-1.452147e+00	-4.429585e-01
1.746437328082092e-03	-1.464136e+00	-4.466306e-01
1.763875944153520e-03	-1.459111e+00	-4.451030e-01
1.781314560224948e-03	-1.437072e+00	-4.383756e-01
1.797358087010662e-03	-1.399200e+00	-4.268082e-01
1.813401613796376e-03	-1.348806e+00	-4.114132e-01
1.829445140582090e-03	-1.285890e+00	-3.921905e-01
1.845488667367804e-03	-1.210451e+00	-3.691401e-01
1.861532194153518e-03	-1.122490e+00	-3.422622e-01
1.877575720939232e-03	-1.022006e+00	-3.115565e-01
1.893619247724946e-03	-9.090001e-01	-2.770233e-01
1.904082417367803e-03	-8.307034e-01	-2.530962e-01
1.914545587010660e-03	-7.497383e-01	-2.283532e-01
1.925008756653517e-03	-6.661049e-01	-2.027945e-01
1.935471926296374e-03	-5.798032e-01	-1.764199e-01
1.945935095939231e-03	-4.908332e-01	-1.492296e-01
1.956398265582087e-03	-3.991948e-01	-1.212234e-01
1.966861435224944e-03	-3.048881e-01	-9.240139e-02
1.971046703082087e-03	-2.670913e-01	-8.084983e-02
1.975231970939230e-03	-2.291775e-01	-6.926247e-02
1.979417238796373e-03	-1.911467e-01	-5.763932e-02
1.983602506653516e-03	-1.529989e-01	-4.598035e-02
1.987787774510658e-03	-1.147342e-01	-3.428559e-02
1.991973042367801e-03	-7.635251e-02	-2.255503e-02
1.996158310224944e-03	-3.785383e-02	-1.078866e-02
2.010806747724944e-03	9.667666e-02	3.032834e-02
2.018479738796372e-03	1.672804e-01	5.190746e-02
2.026152729867801e-03	2.370889e-01	7.324367e-02
2.033825720939229e-03	3.061021e-01	9.433697e-02
2.041498712010657e-03	3.743199e-01	1.151874e-01
2.049171703082085e-03	4.417425e-01	1.357948e-01
2.056844694153514e-03	5.083697e-01	1.561594e-01
2.064517685224942e-03	5.742016e-01	1.762811e-01
2.077771033439228e-03	6.856442e-01	2.103442e-01
2.091024381653513e-03	7.906291e-01	2.424340e-01
2.104277729867799e-03	8.891563e-01	2.725505e-01
2.117531078082084e-03	9.812257e-01	3.006937e-01
2.130784426296369e-03	1.066837e+00	3.268636e-01
2.144037774510655e-03	1.145991e+00	3.510602e-01
2.157291122724940e-03	1.218688e+00	3.732835e-01
2.174729738796369e-03	1.300492e+00	3.982927e-01
2.192168354867797e-03	1.365324e+00	4.181146e-01
2.209606970939225e-03	1.413183e+00	4.327492e-01
2.227045587010653e-03	1.444069e+00	4.421965e-01
2.244484203082081e-03	1.457983e+00	4.464566e-01
2.261922819153510e-03	1.454924e+00	4.455294e-01
2.279361435224938e-03	1.434892e+00	4.394149e-01
2.296102506653509e-03	1.396712e+00	4.277534e-01
2.312843578082080e-03	1.344937e+00	4.119363e-01
2.329584649510651e-03	1.279567e+00	3.919638e-01
2.346325720939222e-03	1.200603e+00	3.678359e-01
2.363066792367793e-03	1.108043e+00	3.395524e-01
2.379807863796364e-03	1.001889e+00	3.071135e-01
2.396548935224935e-03	8.821397e-01	2.705191e-01
2.406314560224935e-03	8.083166e-01	2.479588e-01
2.416080185224935e-03	7.321828e-01	2.246921e-01
2.425845810224935e-03	6.537383e-01	2.007189e-01
2.435611435224935e-03	5.729832e-01	1.760392e-01
2.445377060224934e-03	4.899174e-01	1.506530e-01
2.455142685224934e-03	4.045409e-01	1.245604e-01
2.464908310224934e-03	3.168537e-01	9.776133e-02
2.469791122724934e-03	2.728202e-01	8.430365e-02
2.474673935224934e-03	2.286318e-01	7.079853e-02
2.479556747724934e-03	1.842884e-01	5.724598e-02
2.484439560224933e-03	1.397900e-01	4.364599e-02
2.489322372724933e-03	9.513658e-02	2.999857e-02
2.494205185224933e-03	5.032822e-02	1.630371e-02
2.499087997724933e-03	5.364881e-03	2.561421e-03
2.503970810224933e-03	-3.960623e-02	-1.118332e-02
2.508853622724933e-03	-8.443758e-02	-2.488541e-02
2.513736435224933e-03	-1.291292e-01	-3.854485e-02
2.518619247724933e-03	-1.736810e-01	-5.216165e-02
2.523502060224933e-03	-2.180931e-01	-6.573580e-02
2.528384872724933e-03	-2.623654e-01	-7.926731e-02
2.533267685224932e-03	-3.064980e-01	-9.275617e-02
2.543730854867790e-03	-4.007774e-01	-1.215724e-01
2.554194024510646e-03	-4.923820e-01	-1.495713e-01
2.564657194153503e-03	-5.813118e-01	-1.767531e-01
2.575120363796360e-03	-6.675668e-01	-2.031176e-01
2.585583533439217e-03	-7.511470e-01	-2.286649e-01
2.596046703082074e-03	-8.320524e-01	-2.533950e-01
2.606509872724931e-03	-9.102830e-01	-2.773078e-01
2.623250944153502e-03	-1.028000e+00	-3.132914e-01
2.639992015582073e-03	-1.131960e+00	-3.450709e-01
2.656733087010644e-03	-1.222164e+00	-3.726466e-01
2.673474158439215e-03	-1.298612e+00	-3.960183e-01
2.690215229867786e-03	-1.361304e+00	-4.151860e-01
2.706956301296357e-03	-1.410240e+00	-4.301498e-01
2.723697372724928e-03	-1.445419e+00	-4.409096e-01
2.741135988796356e-03	-1.462251e+00	-4.460624e-01
2.758574604867785e-03	-1.462181e+00	-4.460490e-01
2.776013220939213e-03	-1.445207e+00	-4.408694e-01
2.793451837010641e-03	-1.411332e+00	-4.305236e-01
2.810890453082069e-03	-1.360553e+00	-4.150115e-01
2.828329069153498e-03	-1.292872e+00	-3.943333e-01
2.845767685224926e-03	-1.208288e+00	-3.684888e-01
2.858323488796354e-03	-1.137944e+00	-3.469943e-01
2.870879292367783e-03	-1.061830e+00	-3.237355e-01
2.883435095939211e-03	-9.799433e-01	-2.987125e-01
2.895990899510639e-03	-8.922855e-01	-2.719251e-01
2.908546703082067e-03	-7.988562e-01	-2.433734e-01
2.921102506653496e-03	-6.996555e-01	-2.130574e-01
2.933658310224924e-03	-5.946832e-01	-1.809771e-01
2.941331301296352e-03	-5.291488e-01	-1.609490e-01
2.949004292367781e-03	-4.627824e-01	-1.406665e-01
2.956677283439209e-03	-3.955840e-01	-1.201295e-01
2.964350274510637e-03	-3.275537e-01	-9.933812e-02
2.972023265582066e-03	-2.586914e-01	-7.829228e-02
2.979696256653494e-03	-1.889972e-01	-5.699201e-02
2.987369247724923e-03	-1.184710e-01	-3.543730e-02
2.991554515582065e-03	-8.002932e-02	-2.368841e-02
2.995739783439208e-03	-4.160062e-02	-1.194344e-02
2.999925051296351e-03	-3.184888e-03	-2.023768e-04
3.004110319153494e-03	3.521786e-02	1.153477e-02
3.008295587010637e-03	7.360764e-02	2.326799e-02
3.012480854867780e-03	1.119844e-01	3.499731e-02
3.016666122724922e-03	1.503483e-01	4.672270e-02
3.025036658439208e-03	2.271112e-01	7.018443e-02
3.033407194153493e-03	3.027250e-01	9.329516e-02
3.041777729867779e-03	3.771898e-01	1.160549e-01
3.050148265582064e-03	4.505055e-01	1.384636e-01
3.058518801296350e-03	5.226721e-01	1.605213e-01
3.066889337010635e-03	5.936897e-01	1.822281e-01
3.075259872724921e-03	6.635582e-01	2.035838e-01
3.089210765582063e-03	7.767834e-01	2.381923e-01
3.103161658439206e-03	8.821775e-01	2.704077e-01
3.117112551296348e-03	9.797403e-01	3.002301e-01
3.131063444153491e-03	1.069472e+00	3.276594e-01
3.145014337010634e-03	1.151372e+00	3.526956e-01
3.158965229867776e-03	1.225442e+00	3.753387e-01
3.172916122724919e-03	1.291680e+00	3.955888e-01
3.190354738796347e-03	1.359073e+00	4.161937e-01
3.207793354867775e-03	1.409240e+00	4.315338e-01
3.225231970939203e-03	1.442181e+00	4.416091e-01
3.242670587010632e-03	1.457896e+00	4.464196e-01
3.260109203082060e-03	1.456384e+00	4.459652e-01
3.277547819153488e-03	1.437646e+00	4.402460e-01
3.294986435224916e-03	1.401681e+00	4.292619e-01
3.310332417367773e-03	1.354091e+00	4.147235e-01
3.325678399510630e-03	1.295556e+00	3.968396e-01
3.341024381653487e-03	1.226077e+00	3.756102e-01
3.356370363796343e-03	1.145653e+00	3.510353e-01
3.371716345939200e-03	1.054284e+00	3.231150e-01
3.387062328082057e-03	9.519701e-01	2.918493e-01
3.402408310224914e-03	8.387117e-01	2.572380e-01
3.412173935224914e-03	7.630081e-01	2.341029e-01
3.421939560224913e-03	6.851784e-01	2.103176e-01
3.431705185224913e-03	6.052226e-01	1.858824e-01
3.441470810224913e-03	5.231407e-01	1.607970e-01
3.451236435224913e-03	4.389326e-01	1.350616e-01
3.461002060224913e-03	3.525984e-01	1.086761e-01
3.470767685224912e-03	2.641380e-01	8.164056e-02
3.474952953082055e-03	2.261698e-01	7.003651e-02
3.479138220939198e-03	1.881094e-01	5.840419e-02
3.483323488796341e-03	1.499566e-01	4.674361e-02
3.487508756653484e-03	1.117115e-01	3.505477e-02
3.491694024510626e-03	7.337405e-02	2.333767e-02
3.495879292367769e-03	3.494433e-02	1.159230e-02
3.500064560224912e-03	-3.577692e-03	-1.813228e-04
3.504947372724912e-03	-4.854521e-02	-1.392498e-02
3.509830185224912e-03	-9.336458e-02	-2.762342e-02
3.514712997724912e-03	-1.380358e-01	-4.127665e-02
3.519595810224911e-03	-1.825589e-01	-5.488467e-02
3.524478622724911e-03	-2.269338e-01	-6.844748e-02
3.529361435224911e-03	-2.711606e-01	-8.196507e-02
3.534244247724911e-03	-3.152392e-01	-9.543746e-02
3.544707417367768e-03	-4.093729e-01	-1.242092e-01
3.555170587010625e-03	-5.007970e-01	-1.521530e-01
3.565633756653482e-03	-5.895113e-01	-1.792689e-01
3.576096926296339e-03	-6.755160e-01	-2.055569e-01
3.586560095939196e-03	-7.588110e-01	-2.310171e-01
3.597023265582052e-03	-8.393963e-01	-2.556493e-01
3.607486435224910e-03	-9.172719e-01	-2.794537e-01
3.624227506653481e-03	-1.034341e+00	-3.152394e-01
3.640968578082051e-03	-1.137605e+00	-3.468061e-01
3.657709649510623e-03	-1.227062e+00	-3.741536e-01
3.674450720939194e-03	-1.302714e+00	-3.972820e-01
3.691191792367765e-03	-1.364561e+00	-4.161913e-01
3.707932863796336e-03	-1.412601e+00	-4.308814e-01
3.724673935224907e-03	-1.446836e+00	-4.413525e-01
3.742112551296335e-03	-1.462662e+00	-4.461979e-01
3.759551167367764e-03	-1.461609e+00	-4.458842e-01
3.776989783439192e-03	-1.443676e+00	-4.404114e-01
3.794428399510620e-03	-1.408864e+00	-4.297795e-01
3.811867015582048e-03	-1.357173e+00	-4.139885e-01
3.829305631653476e-03	-1.288603e+00	-3.930384e-01
3.846744247724904e-03	-1.203153e+00	-3.669293e-01
3.859300051296333e-03	-1.132236e+00	-3.452596e-01
3.871855854867761e-03	-1.055591e+00	-3.218387e-01
3.884411658439189e-03	-9.732173e-01	-2.966666e-01
3.896967462010618e-03	-8.851147e-01	-2.697433e-01
3.909523265582047e-03	-7.912834e-01	-2.410687e-01
3.922079069153475e-03	-6.917234e-01	-2.106428e-01
3.934634872724903e-03	-5.864347e-01	-1.784658e-01
3.942307863796331e-03	-5.207353e-01	-1.583873e-01
3.949980854867760e-03	-4.542242e-01	-1.380605e-01
3.957653845939188e-03	-3.869012e-01	-1.174854e-01
3.965326837010617e-03	-3.187665e-01	-9.666211e-02
3.972999828082045e-03	-2.498200e-01	-7.559052e-02
3.980672819153474e-03	-1.800618e-01	-5.427066e-02
3.988345810224902e-03	-1.094918e-01	-3.270252e-02
3.991833533439187e-03	-7.746557e-02	-2.291439e-02
3.995321256653473e-03	-4.544193e-02	-1.312699e-02
3.998808979867759e-03	-1.342084e-02	-3.340346e-03
4.002296703082045e-03	1.859769e-02	6.445556e-03
4.005784426296330e-03	5.061368e-02	1.623071e-02
4.009272149510616e-03	8.262710e-02	2.601513e-02
4.012759872724901e-03	1.146380e-01	3.579879e-02
4.020432863796330e-03	1.851557e-01	5.735167e-02
4.028105854867758e-03	2.548378e-01	7.864929e-02
4.035778845939186e-03	3.236842e-01	9.969166e-02
4.043451837010615e-03	3.916949e-01	1.204788e-01
4.051124828082044e-03	4.588699e-01	1.410106e-01
4.058797819153472e-03	5.252092e-01	1.612873e-01
4.066470810224900e-03	5.907128e-01	1.813086e-01
4.079724158439185e-03	7.014851e-01	2.151670e-01
4.092977506653471e-03	8.057055e-01	2.470232e-01
4.106230854867756e-03	9.033741e-01	2.768774e-01
4.119484203082042e-03	9.944907e-01	3.047294e-01
4.132737551296327e-03	1.079055e+00	3.305794e-01
4.145990899510613e-03	1.157068e+00	3.544272e-01
4.159244247724898e-03	1.228529e+00	3.762730e-01
4.176682863796326e-03	1.308573e+00	4.007439e-01
4.194121479867754e-03	1.371603e+00	4.200152e-01
4.211560095939182e-03	1.417619e+00	4.340867e-01
4.228998712010611e-03	1.446622e+00	4.429585e-01
4.246437328082039e-03	1.458612e+00	4.466306e-01
4.263875944153468e-03	1.453588e+00	4.451030e-01
4.281314560224896e-03	1.431551e+00	4.383756e-01
4.297358087010610e-03	1.393680e+00	4.268082e-01
4.313401613796323e-03	1.343287e+00	4.114132e-01
4.329445140582038e-03	1.280372e+00	3.921905e-01
4.345488667367751e-03	1.204934e+00	3.691401e-01
4.361532194153465e-03	1.116973e+00	3.422622e-01
4.377575720939179e-03	1.016491e+00	3.115565e-01
4.393619247724893e-03	9.034858e-01	2.770233e-01
4.404082417367750e-03	8.251897e-01	2.530962e-01
4.414545587010607e-03	7.442253e-01	2.283532e-01
4.425008756653464e-03	6.605925e-01	2.027945e-01
4.435471926296321e-03	5.742915e-01	1.764199e-01
4.445935095939177e-03	4.853221e-01	1.492296e-01
4.456398265582035e-03	3.936844e-01	1.212234e-01
4.466861435224892e-03	2.993783e-01	9.240139e-02
4.471046703082035e-03	2.615818e-01	8.084983e-02
4.475231970939177e-03	2.236683e-01	6.926247e-02
4.479417238796320e-03	1.856377e-01	5.763932e-02
4.483602506653463e-03	1.474903e-01	4.598035e-02
4.487787774510606e-03	1.092258e-01	3.428559e-02
4.491973042367748e-03	7.084433e-02	2.255503e-02
4.496158310224891e-03	3.234591e-02	1.078866e-02
4.510806747724891e-03	-1.021837e-01	-3.032834e-02
4.518479738796319e-03	-1.727870e-01	-5.190746e-02
4.526152729867747e-03	-2.425950e-01	-7.324367e-02
4.533825720939176e-03	-3.116076e-01	-9.433697e-02
4.541498712010605e-03	-3.798250e-01	-1.151874e-01
4.549171703082033e-03	-4.472471e-01	-1.357948e-01
4.556844694153461e-03	-5.138738e-01	-1.561594e-01
4.564517685224890e-03	-5.797052e-01	-1.762811e-01
4.577771033439175e-03	-6.911471e-01	-2.103442e-01
4.591024381653461e-03	-7.961311e-01	-2.424340e-01
4.604277729867746e-03	-8.946575e-01	-2.725505e-01
4.617531078082032e-03	-9.867261e-01	-3.006937e-01
4.630784426296317e-03	-1.072337e+00	-3.268636e-01
4.644037774510603e-03	-1.151490e+00	-3.510602e-01
4.657291122724888e-03	-1.224185e+00	-3.732835e-01
4.674729738796316e-03	-1.305989e+00	-3.982927e-01
4.692168354867744e-03	-1.370820e+00	-4.181146e-01
4.709606970939172e-03	-1.418678e+00	-4.327492e-01
4.727045587010601e-03	-1.449563e+00	-4.421965e-01
4.744484203082029e-03	-1.463475e+00	-4.464566e-01
4.761922819153457e-03	-1.460415e+00	-4.455294e-01
4.779361435224885e-03	-1.440382e+00	-4.394149e-01
4.792614783439170e-03	-1.412173e+00	-4.307996e-01
4.805868131653456e-03	-1.375024e+00	-4.194513e-01
4.819121479867741e-03	-1.328933e+00	-4.053701e-01
4.832374828082027e-03	-1.273900e+00	-3.885558e-01
4.845628176296312e-03	-1.209927e+00	-3.690086e-01
4.858881524510598e-03	-1.137012e+00	-3.467284e-01
4.872134872724883e-03	-1.055156e+00	-3.217153e-01
4.883295587010597e-03	-9.803678e-01	-2.988612e-01
4.894456301296311e-03	-9.017943e-01	-2.748499e-01
4.905617015582025e-03	-8.194358e-01	-2.496815e-01
4.916777729867739e-03	-7.332922e-01	-2.233559e-01
4.927938444153453e-03	-6.433635e-01	-1.958732e-01
4.939099158439167e-03	-5.496497e-01	-1.672333e-01
4.950259872724881e-03	-4.521508e-01	-1.374363e-01
4.956537774510596e-03	-3.966968e-01	-1.204886e-01
4.962815676296310e-03	-3.408488e-01	-1.034203e-01
4.969093578082024e-03	-2.846069e-01	-8.623161e-02
4.975371479867738e-03	-2.279711e-01	-6.892238e-02
4.981649381653452e-03	-1.709413e-01	-5.149264e-02
4.987927283439166e-03	-1.135177e-01	-3.394239e-02
4.994205185224880e-03	-5.570009e-02	-1.627163e-02
5.000000000000000e-03	-2.460363e-03	-5.474171e-16
