time	V(out)	V(n011)
0.000000000000000e+00	5.999875e-12	0.000000e+00
4.882812557061023e-11	6.006751e-12	5.325981e-07
9.765625114122045e-11	6.036061e-12	1.065196e-06
1.953125022824409e-10	6.179057e-12	2.130392e-06
3.906250045648818e-10	7.815082e-12	4.260785e-06
7.812500091297636e-10	3.124789e-11	8.521570e-06
1.562500018259527e-09	3.827525e-10	1.704314e-05
3.125000036519054e-09	5.533400e-09	3.408628e-05
6.250000073038109e-09	7.577863e-08	6.817256e-05
1.250000014607622e-08	9.132535e-07	1.363451e-04
1.859765927106298e-08	3.363849e-06	2.028560e-04
2.702040178832987e-08	1.104440e-05	2.947280e-04
3.843680749444962e-08	3.151216e-05	4.192537e-04
5.811040220144346e-08	9.560912e-05	6.338456e-04
9.059190997641281e-08	2.688832e-04	9.881412e-04
1.239850672415819e-07	5.103232e-04	1.352381e-03
1.780091904562184e-07	9.803076e-04	1.941654e-03
2.540108314549189e-07	1.744336e-03	2.770650e-03
3.811115028240276e-07	3.179960e-03	4.157011e-03
5.150698109997303e-07	4.817776e-03	5.618171e-03
7.178460621369638e-07	7.383389e-03	7.829959e-03
9.695888100740009e-07	1.055988e-02	1.057583e-02
1.379379960290983e-06	1.550534e-02	1.504555e-02
2.027303783162265e-06	2.271943e-02	2.211244e-02
2.923298976010826e-06	3.187538e-02	3.188441e-02
4.044348833307088e-06	4.270662e-02	4.410943e-02
5.297744068541100e-06	5.452885e-02	5.777505e-02
1.492716977720400e-05	1.443502e-01	1.625811e-01
2.329770549148971e-05	2.224920e-01	2.538254e-01
3.166824120577543e-05	2.994875e-01	3.437567e-01
4.003877692006115e-05	3.753368e-01	4.323750e-01
4.840931263434687e-05	4.500398e-01	5.196804e-01
5.677984834863259e-05	5.235965e-01	6.056729e-01
6.515038406291831e-05	5.960069e-01	6.903524e-01
7.352091977720400e-05	6.672710e-01	7.737189e-01
8.747181263434688e-05	7.828214e-01	9.089613e-01
1.014227054914897e-04	8.904521e-01	1.035013e+00
1.153735983486326e-04	9.901633e-01	1.151874e+00
1.293244912057755e-04	1.081955e+00	1.259545e+00
1.432753840629183e-04	1.165827e+00	1.358025e+00
1.572262769200612e-04	1.241779e+00	1.447314e+00
1.711771697772041e-04	1.309812e+00	1.527413e+00
1.830354287057755e-04	1.358677e+00	1.585064e+00
1.948936876343470e-04	1.399551e+00	1.633402e+00
2.067519465629184e-04	1.432434e+00	1.672427e+00
2.186102054914898e-04	1.457326e+00	1.702140e+00
2.304684644200613e-04	1.474227e+00	1.722540e+00
2.423267233486327e-04	1.483137e+00	1.733626e+00
2.541849822772041e-04	1.484056e+00	1.735400e+00
2.660432412057756e-04	1.476035e+00	1.726739e+00
2.779015001343470e-04	1.460156e+00	1.708896e+00
2.897597590629185e-04	1.436420e+00	1.681869e+00
3.016180179914899e-04	1.404828e+00	1.645659e+00
3.134762769200613e-04	1.365378e+00	1.600267e+00
3.253345358486328e-04	1.318071e+00	1.545691e+00
3.371927947772042e-04	1.262907e+00	1.481931e+00
3.504461429914899e-04	1.191963e+00	1.399797e+00
3.636994912057757e-04	1.114224e+00	1.309686e+00
3.769528394200614e-04	1.029690e+00	1.211599e+00
3.902061876343471e-04	9.383618e-01	1.105535e+00
4.034595358486329e-04	8.402388e-01	9.914954e-01
4.167128840629186e-04	7.353211e-01	8.694789e-01
4.299662322772043e-04	6.236087e-01	7.394861e-01
4.376392233486329e-04	5.574541e-01	6.624705e-01
4.453122144200615e-04	4.903932e-01	5.843765e-01
4.529852054914900e-04	4.224259e-01	5.052042e-01
4.606581965629186e-04	3.535523e-01	4.249534e-01
4.683311876343472e-04	2.837724e-01	3.436244e-01
4.760041787057758e-04	2.130862e-01	2.612169e-01
4.836771697772044e-04	1.414936e-01	1.777311e-01
4.983256072772043e-04	4.795598e-03	1.826329e-02
5.129740447772043e-04	-1.319675e-01	-1.413591e-01
5.206470358486329e-04	-2.036469e-01	-2.250514e-01
5.283200269200614e-04	-2.744544e-01	-3.077471e-01
5.359930179914900e-04	-3.443901e-01	-3.894463e-01
5.436660090629187e-04	-4.134538e-01	-4.701489e-01
5.513390001343473e-04	-4.816457e-01	-5.498549e-01
5.590119912057758e-04	-5.489657e-01	-6.285644e-01
5.666849822772044e-04	-6.154137e-01	-7.062773e-01
5.799383304914901e-04	-7.277208e-01	-8.376835e-01
5.931916787057758e-04	-8.333127e-01	-9.613020e-01
6.064450269200616e-04	-9.321893e-01	-1.077133e+00
6.196983751343473e-04	-1.024351e+00	-1.185176e+00
6.329517233486330e-04	-1.109797e+00	-1.285432e+00
6.462050715629187e-04	-1.188528e+00	-1.377899e+00
6.594584197772045e-04	-1.260543e+00	-1.462579e+00
6.713166787057759e-04	-1.316715e+00	-1.528734e+00
6.831749376343474e-04	-1.365055e+00	-1.585764e+00
6.950331965629188e-04	-1.405562e+00	-1.633670e+00
7.068914554914902e-04	-1.438238e+00	-1.672453e+00
7.187497144200617e-04	-1.463080e+00	-1.702111e+00
7.306079733486331e-04	-1.480091e+00	-1.722645e+00
7.424662322772045e-04	-1.489270e+00	-1.734055e+00
7.536269465629188e-04	-1.489773e+00	-1.735302e+00
7.647876608486331e-04	-1.483152e+00	-1.728227e+00
7.759483751343475e-04	-1.469407e+00	-1.712830e+00
7.871090894200618e-04	-1.448538e+00	-1.689111e+00
7.982698037057760e-04	-1.420546e+00	-1.657070e+00
8.094305179914903e-04	-1.385429e+00	-1.616708e+00
8.205912322772046e-04	-1.343189e+00	-1.568023e+00
8.345421251343475e-04	-1.279889e+00	-1.494889e+00
8.484930179914903e-04	-1.208344e+00	-1.412086e+00
8.624439108486332e-04	-1.128554e+00	-1.319613e+00
8.763948037057760e-04	-1.040519e+00	-1.217470e+00
8.903456965629190e-04	-9.442389e-01	-1.105658e+00
9.042965894200619e-04	-8.397138e-01	-9.841760e-01
9.182474822772047e-04	-7.269436e-01	-8.530246e-01
9.266180179914904e-04	-6.571152e-01	-7.717709e-01
9.349885537057761e-04	-5.859800e-01	-6.889680e-01
9.433590894200618e-04	-5.135380e-01	-6.046160e-01
9.517296251343475e-04	-4.397893e-01	-5.187148e-01
9.601001608486332e-04	-3.647338e-01	-4.312644e-01
9.684706965629189e-04	-2.883715e-01	-3.422650e-01
9.768412322772046e-04	-2.107024e-01	-2.517163e-01
9.803289554914903e-04	-1.783342e-01	-2.139727e-01
9.838166787057758e-04	-1.459207e-01	-1.761718e-01
9.873044019200615e-04	-1.134620e-01	-1.383136e-01
9.907921251343472e-04	-8.095792e-02	-1.003981e-01
9.942798483486329e-04	-4.840859e-02	-6.242530e-02
9.977675715629184e-04	-1.581398e-02	-2.439523e-02
1.001255294777204e-03	1.682591e-02	1.369212e-02
1.006138107277204e-03	6.255437e-02	6.706007e-02
1.011020919777204e-03	1.081145e-01	1.202403e-01
1.015903732277204e-03	1.535064e-01	1.732328e-01
1.020786544777204e-03	1.987299e-01	2.260376e-01
1.025669357277204e-03	2.437851e-01	2.786546e-01
1.030552169777203e-03	2.886720e-01	3.310840e-01
1.035434982277203e-03	3.333907e-01	3.833256e-01
1.045898151920060e-03	4.288270e-01	4.948489e-01
1.056361321562917e-03	5.214341e-01	6.031067e-01
1.066824491205774e-03	6.112120e-01	7.080989e-01
1.077287660848631e-03	6.981607e-01	8.098256e-01
1.087750830491488e-03	7.822801e-01	9.082867e-01
1.098214000134345e-03	8.635703e-01	1.003482e+00
1.108677169777202e-03	9.420313e-01	1.095412e+00
1.122628062634344e-03	1.040437e+00	1.210797e+00
1.136578955491487e-03	1.129340e+00	1.315132e+00
1.150529848348630e-03	1.208741e+00	1.408418e+00
1.164480741205772e-03	1.278640e+00	1.490654e+00
1.178431634062915e-03	1.339038e+00	1.561842e+00
1.192382526920057e-03	1.389933e+00	1.621980e+00
1.206333419777200e-03	1.431326e+00	1.671069e+00
1.218191678705771e-03	1.456844e+00	1.701529e+00
1.230049937634342e-03	1.474157e+00	1.722415e+00
1.241908196562913e-03	1.483265e+00	1.733727e+00
1.253766455491484e-03	1.484168e+00	1.735464e+00
1.265624714420056e-03	1.476866e+00	1.727628e+00
1.277482973348627e-03	1.461358e+00	1.710217e+00
1.289341232277198e-03	1.437645e+00	1.683233e+00
1.303989669777198e-03	1.395920e+00	1.635377e+00
1.318638107277197e-03	1.343721e+00	1.575256e+00
1.333286544777197e-03	1.281048e+00	1.502871e+00
1.347934982277197e-03	1.207900e+00	1.418222e+00
1.362583419777196e-03	1.124279e+00	1.321308e+00
1.377231857277196e-03	1.030184e+00	1.212131e+00
1.391880294777196e-03	9.256150e-01	1.090688e+00
1.401645919777196e-03	8.518316e-01	1.004936e+00
1.411411544777195e-03	7.755764e-01	9.162676e-01
1.421177169777195e-03	6.968494e-01	8.246838e-01
1.430942794777195e-03	6.156505e-01	7.301845e-01
1.440708419777195e-03	5.319798e-01	6.327696e-01
1.450474044777195e-03	4.458373e-01	5.324391e-01
1.460239669777194e-03	3.572230e-01	4.291930e-01
1.465122482277194e-03	3.126696e-01	3.772690e-01
1.470005294777194e-03	2.679251e-01	3.251133e-01
1.474888107277194e-03	2.229894e-01	2.727259e-01
1.479770919777194e-03	1.778626e-01	2.201067e-01
1.484653732277194e-03	1.325447e-01	1.672559e-01
1.489536544777194e-03	8.703553e-02	1.141733e-01
1.494419357277194e-03	4.133526e-02	6.085900e-02
1.509067794777193e-03	-9.552381e-02	-9.885447e-02
1.516740785848622e-03	-1.673789e-01	-1.827408e-01
1.524413776920050e-03	-2.384443e-01	-2.657265e-01
1.532086767991479e-03	-3.087200e-01	-3.478116e-01
1.539759759062907e-03	-3.782058e-01	-4.289961e-01
1.547432750134335e-03	-4.469020e-01	-5.092801e-01
1.555105741205764e-03	-5.148083e-01	-5.886635e-01
1.562778732277192e-03	-5.819250e-01	-6.671463e-01
1.575334535848621e-03	-6.895777e-01	-7.930837e-01
1.587890339420049e-03	-7.914797e-01	-9.123557e-01
1.600446142991477e-03	-8.876311e-01	-1.024962e+00
1.613001946562905e-03	-9.780319e-01	-1.130903e+00
1.625557750134334e-03	-1.062682e+00	-1.230178e+00
1.638113553705762e-03	-1.141582e+00	-1.322788e+00
1.650669357277190e-03	-1.214731e+00	-1.408733e+00
1.663225160848619e-03	-1.279636e+00	-1.485094e+00
1.675780964420047e-03	-1.335883e+00	-1.551373e+00
1.688336767991475e-03	-1.383473e+00	-1.607568e+00
1.700892571562903e-03	-1.422406e+00	-1.653680e+00
1.713448375134332e-03	-1.452681e+00	-1.689709e+00
1.726004178705760e-03	-1.474298e+00	-1.715655e+00
1.738559982277188e-03	-1.487257e+00	-1.731517e+00
1.749720696562902e-03	-1.490351e+00	-1.735786e+00
1.760881410848617e-03	-1.486286e+00	-1.731695e+00
1.772042125134331e-03	-1.475064e+00	-1.719244e+00
1.783202839420045e-03	-1.456684e+00	-1.698432e+00
1.794363553705759e-03	-1.431146e+00	-1.669259e+00
1.805524267991473e-03	-1.398451e+00	-1.631727e+00
1.816684982277187e-03	-1.358597e+00	-1.585834e+00
1.830635875134329e-03	-1.298181e+00	-1.516074e+00
1.844586767991472e-03	-1.229332e+00	-1.436427e+00
1.858537660848614e-03	-1.152049e+00	-1.346892e+00
1.872488553705757e-03	-1.066334e+00	-1.247469e+00
1.886439446562899e-03	-9.721846e-01	-1.138158e+00
1.900390339420042e-03	-8.696024e-01	-1.018960e+00
1.914341232277185e-03	-7.585871e-01	-8.898733e-01
1.922711767991470e-03	-6.896742e-01	-8.096985e-01
1.931082303705756e-03	-6.193596e-01	-7.278640e-01
1.939452839420041e-03	-5.476432e-01	-6.443696e-01
1.947823375134327e-03	-4.745250e-01	-5.592154e-01
1.956193910848612e-03	-4.000049e-01	-4.724014e-01
1.964564446562898e-03	-3.240831e-01	-3.839275e-01
1.972934982277184e-03	-2.467595e-01	-2.937939e-01
1.976422705491469e-03	-2.145041e-01	-2.561869e-01
1.979910428705755e-03	-1.821861e-01	-2.185023e-01
1.983398151920041e-03	-1.498053e-01	-1.807400e-01
1.986885875134326e-03	-1.173617e-01	-1.429001e-01
1.990373598348612e-03	-8.485537e-02	-1.049825e-01
1.993861321562897e-03	-5.228628e-02	-6.698720e-02
1.997349044777183e-03	-1.965445e-02	-2.891425e-02
2.011997482277183e-03	1.171413e-01	1.307400e-01
2.019670473348611e-03	1.888692e-01	2.144855e-01
2.027343464420040e-03	2.597457e-01	2.972583e-01
2.035016455491468e-03	3.297708e-01	3.790586e-01
2.042689446562896e-03	3.989445e-01	4.598863e-01
2.050362437634325e-03	4.672668e-01	5.397413e-01
2.058035428705753e-03	5.347377e-01	6.186237e-01
2.065708419777182e-03	6.013571e-01	6.965335e-01
2.078961767991467e-03	7.140126e-01	8.283409e-01
2.092215116205753e-03	8.200004e-01	9.524163e-01
2.105468464420038e-03	9.193204e-01	1.068760e+00
2.118721812634323e-03	1.011973e+00	1.177371e+00
2.131975160848609e-03	1.097957e+00	1.278251e+00
2.145228509062894e-03	1.177274e+00	1.371398e+00
2.158481857277180e-03	1.249923e+00	1.456814e+00
2.170340116205751e-03	1.306692e+00	1.523661e+00
2.182198375134322e-03	1.355643e+00	1.581403e+00
2.194056634062893e-03	1.396777e+00	1.630038e+00
2.205914892991464e-03	1.430095e+00	1.669567e+00
2.217773151920036e-03	1.455595e+00	1.699990e+00
2.229631410848607e-03	1.473278e+00	1.721308e+00
2.241489669777178e-03	1.483144e+00	1.733519e+00
2.252650384062892e-03	1.484295e+00	1.735521e+00
2.263811098348606e-03	1.478314e+00	1.729192e+00
2.274971812634320e-03	1.465199e+00	1.714530e+00
2.286132526920034e-03	1.444953e+00	1.691537e+00
2.297293241205748e-03	1.417573e+00	1.660211e+00
2.308453955491462e-03	1.383061e+00	1.620554e+00
2.319614669777176e-03	1.341416e+00	1.572565e+00
2.333565562634319e-03	1.278834e+00	1.500270e+00
2.347516455491461e-03	1.207960e+00	1.418251e+00
2.361467348348604e-03	1.128793e+00	1.326508e+00
2.375418241205747e-03	1.041334e+00	1.225039e+00
2.389369134062889e-03	9.455820e-01	1.113846e+00
2.403320026920032e-03	8.415376e-01	9.929283e-01
2.417270919777174e-03	7.292007e-01	8.622858e-01
2.425641455491460e-03	6.595978e-01	7.812973e-01
2.434011991205745e-03	5.886643e-01	6.987318e-01
2.442382526920031e-03	5.164002e-01	6.145895e-01
2.450753062634316e-03	4.428055e-01	5.288702e-01
2.459123598348602e-03	3.678802e-01	4.415740e-01
2.467494134062887e-03	2.916242e-01	3.527009e-01
2.475864669777173e-03	2.140377e-01	2.622509e-01
2.479352392991459e-03	1.816961e-01	2.245393e-01
2.482840116205744e-03	1.493048e-01	1.867654e-01
2.486327839420030e-03	1.168640e-01	1.489290e-01
2.489815562634315e-03	8.437341e-02	1.110303e-01
2.493303285848601e-03	5.183322e-02	7.306913e-02
2.496791009062887e-03	1.924338e-02	3.504561e-02
2.500278732277172e-03	-1.339612e-02	-3.040301e-03
2.505161544777172e-03	-5.913148e-02	-5.641491e-02
2.510044357277172e-03	-1.047071e-01	-1.096117e-01
2.514927169777172e-03	-1.501228e-01	-1.626308e-01
2.519809982277172e-03	-1.953788e-01	-2.154721e-01
2.524692794777172e-03	-2.404751e-01	-2.681356e-01
2.529575607277172e-03	-2.854115e-01	-3.206214e-01
2.534458419777172e-03	-3.301881e-01	-3.729294e-01
2.544921589420029e-03	-4.257795e-01	-4.846307e-01
2.555384759062885e-03	-5.185768e-01	-5.931077e-01
2.565847928705743e-03	-6.085802e-01	-6.983603e-01
2.576311098348599e-03	-6.957896e-01	-8.003887e-01
2.586774267991456e-03	-7.802051e-01	-8.991928e-01
2.597237437634313e-03	-8.618265e-01	-9.947726e-01
2.607700607277170e-03	-9.406540e-01	-1.087128e+00
2.622349044777170e-03	-1.044472e+00	-1.208856e+00
2.636997482277169e-03	-1.137761e+00	-1.318340e+00
2.651645919777169e-03	-1.220522e+00	-1.415581e+00
2.666294357277169e-03	-1.292755e+00	-1.500579e+00
2.680942794777169e-03	-1.354459e+00	-1.573332e+00
2.695591232277168e-03	-1.405635e+00	-1.633842e+00
2.710239669777168e-03	-1.446282e+00	-1.682109e+00
2.722097928705739e-03	-1.469108e+00	-1.709431e+00
2.733956187634310e-03	-1.483729e+00	-1.727179e+00
2.745814446562881e-03	-1.490145e+00	-1.735352e+00
2.757672705491453e-03	-1.488357e+00	-1.733951e+00
2.769530964420024e-03	-1.478365e+00	-1.722976e+00
2.781389223348595e-03	-1.460169e+00	-1.702426e+00
2.793247482277166e-03	-1.433768e+00	-1.672302e+00
2.807895919777166e-03	-1.388783e+00	-1.620636e+00
2.822544357277165e-03	-1.333494e+00	-1.556903e+00
2.837192794777165e-03	-1.267900e+00	-1.481101e+00
2.851841232277165e-03	-1.192002e+00	-1.393231e+00
2.866489669777165e-03	-1.105799e+00	-1.293294e+00
2.881138107277164e-03	-1.009293e+00	-1.181288e+00
2.895786544777164e-03	-9.024813e-01	-1.057215e+00
2.905552169777164e-03	-8.273661e-01	-9.698973e-01
2.915317794777164e-03	-7.499025e-01	-8.798080e-01
2.925083419777163e-03	-6.700905e-01	-7.869468e-01
2.934849044777163e-03	-5.879301e-01	-6.913137e-01
2.944614669777163e-03	-5.034213e-01	-5.929086e-01
2.954380294777163e-03	-4.165641e-01	-4.917317e-01
2.964145919777162e-03	-3.273585e-01	-3.877828e-01
2.969028732277162e-03	-2.825635e-01	-3.355703e-01
2.973911544777162e-03	-2.376113e-01	-2.831657e-01
2.978794357277162e-03	-1.925021e-01	-2.305692e-01
2.983677169777162e-03	-1.472357e-01	-1.777807e-01
2.988559982277162e-03	-1.018123e-01	-1.248002e-01
2.993442794777162e-03	-5.623183e-02	-7.162775e-02
2.998325607277162e-03	-1.049425e-02	-1.826329e-02
3.012974044777161e-03	1.262698e-01	1.413591e-01
3.020647035848590e-03	1.979497e-01	2.250514e-01
3.028320026920018e-03	2.687578e-01	3.077471e-01
3.035993017991447e-03	3.386939e-01	3.894463e-01
3.043666009062875e-03	4.077581e-01	4.701489e-01
3.051339000134303e-03	4.759505e-01	5.498549e-01
3.059011991205732e-03	5.432709e-01	6.285644e-01
3.066684982277160e-03	6.097195e-01	7.062773e-01
3.079938330491446e-03	7.220274e-01	8.376835e-01
3.093191678705731e-03	8.276201e-01	9.613020e-01
3.106445026920017e-03	9.264976e-01	1.077133e+00
3.119698375134302e-03	1.018660e+00	1.185176e+00
3.132951723348587e-03	1.104107e+00	1.285432e+00
3.146205071562873e-03	1.182839e+00	1.377899e+00
3.159458419777158e-03	1.254855e+00	1.462579e+00
3.171316678705730e-03	1.311028e+00	1.528734e+00
3.183174937634300e-03	1.359368e+00	1.585764e+00
3.195033196562872e-03	1.399876e+00	1.633670e+00
3.206891455491443e-03	1.432552e+00	1.672453e+00
3.218749714420014e-03	1.457396e+00	1.702111e+00
3.230607973348585e-03	1.474408e+00	1.722645e+00
3.242466232277157e-03	1.483587e+00	1.734055e+00
3.253626946562871e-03	1.484090e+00	1.735302e+00
3.264787660848585e-03	1.477470e+00	1.728227e+00
3.275948375134299e-03	1.463726e+00	1.712830e+00
3.287109089420013e-03	1.442858e+00	1.689111e+00
3.298269803705727e-03	1.414866e+00	1.657070e+00
3.309430517991441e-03	1.379751e+00	1.616708e+00
3.320591232277155e-03	1.337511e+00	1.568023e+00
3.334542125134297e-03	1.274212e+00	1.494889e+00
3.348493017991440e-03	1.202668e+00	1.412086e+00
3.362443910848582e-03	1.122879e+00	1.319613e+00
3.376394803705725e-03	1.034845e+00	1.217470e+00
3.390345696562868e-03	9.385656e-01	1.105658e+00
3.404296589420010e-03	8.340413e-01	9.841760e-01
3.418247482277153e-03	7.212721e-01	8.530246e-01
3.426618017991438e-03	6.514442e-01	7.717709e-01
3.434988553705724e-03	5.803095e-01	6.889680e-01
3.443359089420010e-03	5.078681e-01	6.046160e-01
3.451729625134295e-03	4.341199e-01	5.187148e-01
3.460100160848580e-03	3.590650e-01	4.312644e-01
3.468470696562866e-03	2.827032e-01	3.422650e-01
3.476841232277152e-03	2.050347e-01	2.517163e-01
3.496372482277151e-03	2.314788e-02	3.956412e-02
3.511020919777151e-03	-1.136735e-01	-1.201158e-01
3.518693910848579e-03	-1.854462e-01	-2.039114e-01
3.526366901920008e-03	-2.563880e-01	-2.867584e-01
3.534039892991436e-03	-3.264990e-01	-3.686567e-01
3.541712884062864e-03	-3.957790e-01	-4.496064e-01
3.549385875134293e-03	-4.642281e-01	-5.296074e-01
3.557058866205721e-03	-5.318464e-01	-6.086598e-01
3.564731857277150e-03	-5.986338e-01	-6.867635e-01
3.577985205491435e-03	-7.116317e-01	-8.189672e-01
3.591238553705721e-03	-8.180097e-01	-9.434949e-01
3.604491901920006e-03	-9.177677e-01	-1.060347e+00
3.617745250134291e-03	-1.010906e+00	-1.169522e+00
3.630998598348577e-03	-1.097424e+00	-1.271022e+00
3.644251946562862e-03	-1.177322e+00	-1.364846e+00
3.657505294777148e-03	-1.250600e+00	-1.450993e+00
3.669363553705719e-03	-1.307961e+00	-1.518531e+00
3.681221812634290e-03	-1.357521e+00	-1.576981e+00
3.693080071562861e-03	-1.399279e+00	-1.626344e+00
3.704938330491432e-03	-1.433236e+00	-1.666619e+00
3.716796589420004e-03	-1.459390e+00	-1.697806e+00
3.728654848348575e-03	-1.477744e+00	-1.719905e+00
3.740513107277146e-03	-1.488295e+00	-1.732917e+00
3.751673821562860e-03	-1.490093e+00	-1.735675e+00
3.762834535848574e-03	-1.484750e+00	-1.730091e+00
3.773995250134288e-03	-1.472266e+00	-1.716166e+00
3.785155964420002e-03	-1.452640e+00	-1.693899e+00
3.796316678705716e-03	-1.425873e+00	-1.663290e+00
3.807477392991430e-03	-1.391964e+00	-1.624340e+00
3.818638107277144e-03	-1.350914e+00	-1.577047e+00
3.832589000134287e-03	-1.289052e+00	-1.505595e+00
3.846539892991429e-03	-1.218849e+00	-1.424364e+00
3.860490785848572e-03	-1.140307e+00	-1.333353e+00
3.874441678705715e-03	-1.053425e+00	-1.232562e+00
3.888392571562857e-03	-9.582036e-01	-1.121993e+00
3.902343464420000e-03	-8.546421e-01	-1.001643e+00
3.916294357277143e-03	-7.427409e-01	-8.715146e-01
3.924664892991428e-03	-6.733651e-01	-7.907942e-01
3.933035428705714e-03	-6.026349e-01	-7.084693e-01
3.941405964419999e-03	-5.305503e-01	-6.245398e-01
3.949776500134285e-03	-4.571112e-01	-5.390057e-01
3.958147035848570e-03	-3.823179e-01	-4.518669e-01
3.966517571562856e-03	-3.061701e-01	-3.631236e-01
3.974888107277141e-03	-2.286679e-01	-2.727756e-01
3.978375830491427e-03	-1.963537e-01	-2.350975e-01
3.981863553705713e-03	-1.639855e-01	-1.973519e-01
3.985351276919998e-03	-1.315633e-01	-1.595388e-01
3.988839000134284e-03	-9.908701e-02	-1.216582e-01
3.992326723348569e-03	-6.655673e-02	-8.371020e-02
3.995814446562856e-03	-3.397244e-02	-4.569466e-02
3.999302169777141e-03	-1.334117e-03	-7.611635e-03
4.003487437634284e-03	3.785010e-02	3.811522e-02
4.007672705491426e-03	7.693884e-02	8.373706e-02
4.011857973348569e-03	1.159321e-01	1.292539e-01
4.016043241205712e-03	1.548299e-01	1.746657e-01
4.020228509062855e-03	1.936322e-01	2.199725e-01
4.024413776919997e-03	2.323391e-01	2.651743e-01
4.028599044777140e-03	2.709505e-01	3.102711e-01
4.038364669777140e-03	3.609029e-01	4.153590e-01
4.048130294777140e-03	4.486847e-01	5.179461e-01
4.057895919777140e-03	5.342958e-01	6.180325e-01
4.067661544777139e-03	6.177364e-01	7.156181e-01
4.077427169777139e-03	6.990064e-01	8.107029e-01
4.087192794777139e-03	7.781057e-01	9.032869e-01
4.096958419777139e-03	8.550345e-01	9.933702e-01
4.111606857277138e-03	9.649193e-01	1.122132e+00
4.126255294777138e-03	1.064751e+00	1.239209e+00
4.140903732277138e-03	1.154531e+00	1.344602e+00
4.155552169777138e-03	1.234257e+00	1.438311e+00
4.170200607277137e-03	1.303931e+00	1.520335e+00
4.184849044777137e-03	1.363553e+00	1.590676e+00
4.199497482277137e-03	1.413121e+00	1.649332e+00
4.211355741205708e-03	1.443313e+00	1.685238e+00
4.223214000134279e-03	1.465310e+00	1.711584e+00
4.235072259062850e-03	1.479112e+00	1.728370e+00
4.246930517991421e-03	1.484719e+00	1.735597e+00
4.258788776919992e-03	1.482132e+00	1.733264e+00
4.270647035848564e-03	1.471350e+00	1.721371e+00
4.282505294777135e-03	1.452374e+00	1.699919e+00
4.296456187634278e-03	1.418547e+00	1.661249e+00
4.310407080491420e-03	1.374869e+00	1.611049e+00
4.324357973348562e-03	1.321340e+00	1.549318e+00
4.338308866205705e-03	1.257959e+00	1.476057e+00
4.352259759062848e-03	1.184726e+00	1.391265e+00
4.366210651919990e-03	1.101642e+00	1.294942e+00
4.380161544777133e-03	1.008706e+00	1.187089e+00
4.390624714419989e-03	9.339528e-01	1.100263e+00
4.401087884062847e-03	8.560342e-01	1.009710e+00
4.411551053705704e-03	7.749506e-01	9.154285e-01
4.422014223348560e-03	6.907020e-01	8.174192e-01
4.432477392991417e-03	6.032884e-01	7.156821e-01
4.442940562634274e-03	5.127098e-01	6.102170e-01
4.453403732277131e-03	4.189663e-01	5.010241e-01
4.458984089419988e-03	3.685374e-01	4.422661e-01
4.464564446562846e-03	3.178091e-01	3.831476e-01
4.470144803705702e-03	2.667813e-01	3.236683e-01
4.475725160848559e-03	2.154541e-01	2.638284e-01
4.481305517991416e-03	1.638275e-01	2.036278e-01
4.486885875134274e-03	1.119014e-01	1.430666e-01
4.492466232277130e-03	5.967590e-02	8.214471e-02
4.507114669777130e-03	-7.720028e-02	-7.757819e-02
4.514090116205701e-03	-1.425363e-01	-1.538478e-01
4.521065562634273e-03	-2.072962e-01	-2.294626e-01
4.528041009062844e-03	-2.714800e-01	-3.044226e-01
4.535016455491415e-03	-3.350877e-01	-3.787278e-01
4.541991901919986e-03	-3.981192e-01	-4.523781e-01
4.548967348348558e-03	-4.605747e-01	-5.253736e-01
4.555942794777129e-03	-5.224540e-01	-5.977143e-01
4.568498598348557e-03	-6.321965e-01	-7.260612e-01
4.581054401919985e-03	-7.365017e-01	-8.481096e-01
4.593610205491414e-03	-8.353694e-01	-9.638594e-01
4.606166009062843e-03	-9.287997e-01	-1.073311e+00
4.618721812634271e-03	-1.016793e+00	-1.176463e+00
4.631277616205699e-03	-1.099348e+00	-1.273318e+00
4.643833419777127e-03	-1.176466e+00	-1.363873e+00
4.656389223348555e-03	-1.245600e+00	-1.445151e+00
4.668945026919983e-03	-1.306217e+00	-1.516513e+00
4.681500830491412e-03	-1.358317e+00	-1.577957e+00
4.694056634062841e-03	-1.401900e+00	-1.629485e+00
4.706612437634269e-03	-1.436966e+00	-1.671096e+00
4.719168241205697e-03	-1.463515e+00	-1.702790e+00
4.731724044777125e-03	-1.481547e+00	-1.724567e+00
4.742884759062840e-03	-1.489168e+00	-1.734118e+00
4.754045473348553e-03	-1.489582e+00	-1.735254e+00
4.765206187634268e-03	-1.482790e+00	-1.727974e+00
4.776366901919981e-03	-1.468790e+00	-1.712278e+00
4.787527616205696e-03	-1.447584e+00	-1.688167e+00
4.798688330491409e-03	-1.419172e+00	-1.655640e+00
4.809849044777124e-03	-1.383553e+00	-1.614697e+00
4.818917125134266e-03	-1.349416e+00	-1.575354e+00
4.827985205491409e-03	-1.311258e+00	-1.531301e+00
4.837053285848551e-03	-1.269077e+00	-1.482537e+00
4.846121366205694e-03	-1.222875e+00	-1.429064e+00
4.855189446562837e-03	-1.172649e+00	-1.370881e+00
4.864257526919979e-03	-1.118402e+00	-1.307987e+00
4.873325607277122e-03	-1.060132e+00	-1.240384e+00
4.884486321562837e-03	-9.831356e-01	-1.150989e+00
4.895647035848550e-03	-9.023675e-01	-1.057155e+00
4.906807750134265e-03	-8.178278e-01	-9.588805e-01
4.917968464419978e-03	-7.295164e-01	-8.561662e-01
4.929129178705693e-03	-6.374333e-01	-7.490119e-01
4.940289892991406e-03	-5.415785e-01	-6.374175e-01
4.951450607277121e-03	-4.419520e-01	-5.213832e-01
4.957030964419977e-03	-3.916976e-01	-4.628331e-01
4.962611321562835e-03	-3.411217e-01	-4.038966e-01
4.968191678705692e-03	-2.902242e-01	-3.445737e-01
4.973772035848549e-03	-2.390052e-01	-2.848644e-01
4.979352392991405e-03	-1.874647e-01	-2.247687e-01
4.984932750134263e-03	-1.356026e-01	-1.642866e-01
4.990513107277120e-03	-8.341908e-02	-1.034181e-01
5.000000000000000e-03	5.220152e-03	-2.125987e-15
