time	V(cold)	V(hot)	V(out)
0.000000000000000e+00	1.062993e-16	0.000000e+00	5.999875e-12
4.882812557061023e-11	-2.662991e-07	2.662991e-07	6.001422e-12
9.765625114122045e-11	-5.325981e-07	5.325981e-07	6.007639e-12
1.953125022824409e-10	-1.065196e-06	1.065196e-06	6.038725e-12
2.197265650677460e-10	-1.198346e-06	1.198346e-06	6.053824e-12
2.685546906383562e-10	-1.464645e-06	1.464645e-06	6.094680e-12
3.662109417795767e-10	-1.997243e-06	1.997243e-06	6.260770e-12
5.615234440620176e-10	-3.062439e-06	3.062439e-06	7.258194e-12
9.521484486268994e-10	-5.192832e-06	5.192832e-06	1.598721e-11
1.733398457756663e-09	-9.453617e-06	9.453617e-06	1.136486e-10
3.295898476016190e-09	-1.797519e-05	1.797519e-05	1.340682e-09
6.420898512535245e-09	-3.501833e-05	3.501833e-05	1.692671e-08
1.267089858557335e-08	-6.910461e-05	6.910461e-05	1.990467e-07
2.141408111880430e-08	-1.167882e-04	1.167882e-04	1.149453e-06
3.107182425130127e-08	-1.694597e-04	1.694597e-04	3.707696e-06
4.434060659118027e-08	-2.418250e-04	2.418250e-04	1.064381e-05
6.591444530797265e-08	-3.594845e-04	3.594845e-04	3.124564e-05
1.073888422958876e-07	-5.856777e-04	5.856777e-04	1.013686e-04
1.903376362717174e-07	-1.038064e-03	1.038064e-03	3.399816e-04
3.090514863028508e-07	-1.685505e-03	1.685505e-03	8.578739e-04
4.647786690650522e-07	-2.534809e-03	2.534809e-03	1.767317e-03
6.829398628822537e-07	-3.724609e-03	3.724609e-03	3.336501e-03
9.904811342553477e-07	-5.401856e-03	5.401856e-03	5.902568e-03
1.448555647123865e-06	-7.900030e-03	7.900030e-03	1.012671e-02
2.085859173449563e-06	-1.137554e-02	1.137554e-02	1.636621e-02
3.029161010637958e-06	-1.651946e-02	1.651946e-02	2.587858e-02
7.083730971921948e-06	-3.862053e-02	3.862053e-02	6.727072e-02
1.405917740049338e-05	-7.675584e-02	7.675584e-02	1.387484e-01
2.103462382906481e-05	-1.145640e-01	1.145640e-01	2.096168e-01
2.801007025763623e-05	-1.520452e-01	1.520452e-01	2.798759e-01
3.498551668620766e-05	-1.891992e-01	1.891992e-01	3.495256e-01
4.196096311477910e-05	-2.260261e-01	2.260261e-01	4.185660e-01
4.893640954335052e-05	-2.625260e-01	2.625260e-01	4.869971e-01
5.591185597192194e-05	-2.986988e-01	2.986988e-01	5.548189e-01
6.846765954335052e-05	-3.628774e-01	3.628774e-01	6.751606e-01
8.102346311477911e-05	-4.239076e-01	4.239076e-01	7.896113e-01
9.357926668620768e-05	-4.817894e-01	4.817894e-01	8.981711e-01
1.061350702576363e-04	-5.365227e-01	5.365227e-01	1.000840e+00
1.186908738290649e-04	-5.881077e-01	5.881077e-01	1.097618e+00
1.312466774004934e-04	-6.365442e-01	6.365442e-01	1.188505e+00
1.438024809719220e-04	-6.818323e-01	6.818323e-01	1.273501e+00
1.584509184719220e-04	-7.289486e-01	7.289486e-01	1.361954e+00
1.730993559719220e-04	-7.692138e-01	7.692138e-01	1.437573e+00
1.877477934719220e-04	-8.026276e-01	8.026276e-01	1.500357e+00
2.023962309719220e-04	-8.291903e-01	8.291903e-01	1.550306e+00
2.170446684719221e-04	-8.489017e-01	8.489017e-01	1.587420e+00
2.316931059719221e-04	-8.617618e-01	8.617618e-01	1.611699e+00
2.463415434719221e-04	-8.677707e-01	8.677707e-01	1.623143e+00
2.609899809719221e-04	-8.655033e-01	8.655033e-01	1.619077e+00
2.756384184719221e-04	-8.562787e-01	8.562787e-01	1.601967e+00
2.902868559719221e-04	-8.400969e-01	8.400969e-01	1.571813e+00
3.049352934719221e-04	-8.169579e-01	8.169579e-01	1.528615e+00
3.195837309719221e-04	-7.868617e-01	7.868617e-01	1.472374e+00
3.342321684719221e-04	-7.498083e-01	7.498083e-01	1.403088e+00
3.488806059719221e-04	-7.057977e-01	7.057977e-01	1.320759e+00
3.614364095433508e-04	-6.629802e-01	6.629802e-01	1.240635e+00
3.739922131147793e-04	-6.168181e-01	6.168181e-01	1.154233e+00
3.865480166862079e-04	-5.673113e-01	5.673113e-01	1.061554e+00
3.991038202576365e-04	-5.144598e-01	5.144598e-01	9.625964e-01
4.116596238290651e-04	-4.582638e-01	4.582638e-01	8.573611e-01
4.242154274004937e-04	-3.987231e-01	3.987231e-01	7.458480e-01
4.367712309719222e-04	-3.358378e-01	3.358378e-01	6.280571e-01
4.437466774004937e-04	-3.002705e-01	3.002705e-01	5.614298e-01
4.507221238290651e-04	-2.643016e-01	2.643016e-01	4.940460e-01
4.576975702576365e-04	-2.279309e-01	2.279309e-01	4.259057e-01
4.646730166862079e-04	-1.911585e-01	1.911585e-01	3.570089e-01
4.716484631147794e-04	-1.539845e-01	1.539845e-01	2.873556e-01
4.786239095433509e-04	-1.164087e-01	1.164087e-01	2.169458e-01
4.855993559719223e-04	-7.843118e-02	7.843118e-02	1.457795e-01
5.002477934719223e-04	1.351417e-03	-1.351417e-03	-3.737919e-03
5.051306059719223e-04	2.803881e-02	-2.803881e-02	-5.375539e-02
5.100134184719223e-04	5.463748e-02	-5.463748e-02	-1.036084e-01
5.148962309719223e-04	8.114742e-02	-8.114742e-02	-1.532969e-01
5.197790434719223e-04	1.075686e-01	-1.075686e-01	-2.028210e-01
5.246618559719223e-04	1.339011e-01	-1.339011e-01	-2.521806e-01
5.295446684719223e-04	1.601449e-01	-1.601449e-01	-3.013757e-01
5.344274809719223e-04	1.862999e-01	-1.862999e-01	-3.504064e-01
5.448906506147794e-04	2.421533e-01	-2.421533e-01	-4.551167e-01
5.553538202576366e-04	2.963952e-01	-2.963952e-01	-5.568144e-01
5.658169899004937e-04	3.490257e-01	-3.490257e-01	-6.554995e-01
5.762801595433509e-04	4.000446e-01	-4.000446e-01	-7.511718e-01
5.867433291862081e-04	4.494521e-01	-4.494521e-01	-8.438315e-01
5.972064988290653e-04	4.972480e-01	-4.972480e-01	-9.334786e-01
6.076696684719224e-04	5.434325e-01	-5.434325e-01	-1.020113e+00
6.237131952576367e-04	6.100069e-01	-6.100069e-01	-1.145018e+00
6.397567220433510e-04	6.691121e-01	-6.691121e-01	-1.255935e+00
6.558002488290653e-04	7.207481e-01	-7.207481e-01	-1.352864e+00
6.718437756147796e-04	7.649147e-01	-7.649147e-01	-1.435803e+00
6.878873024004938e-04	8.016121e-01	-8.016121e-01	-1.504754e+00
7.039308291862082e-04	8.308403e-01	-8.308403e-01	-1.559717e+00
7.199743559719225e-04	8.525991e-01	-8.525991e-01	-1.600691e+00
7.339252488290654e-04	8.634624e-01	-8.634624e-01	-1.621222e+00
7.478761416862082e-04	8.677620e-01	-8.677620e-01	-1.629450e+00
7.618270345433511e-04	8.654979e-01	-8.654979e-01	-1.625374e+00
7.757779274004939e-04	8.566701e-01	-8.566701e-01	-1.608996e+00
7.897288202576368e-04	8.412786e-01	-8.412786e-01	-1.580314e+00
8.036797131147798e-04	8.193235e-01	-8.193235e-01	-1.539329e+00
8.176306059719226e-04	7.908047e-01	-7.908047e-01	-1.486041e+00
8.315814988290655e-04	7.555146e-01	-7.555146e-01	-1.420056e+00
8.455323916862083e-04	7.153067e-01	-7.153067e-01	-1.344844e+00
8.594832845433512e-04	6.701811e-01	-6.701811e-01	-1.260405e+00
8.734341774004940e-04	6.201376e-01	-6.201376e-01	-1.166739e+00
8.873850702576369e-04	5.651764e-01	-5.651764e-01	-1.063847e+00
9.013359631147798e-04	5.052974e-01	-5.052974e-01	-9.517289e-01
9.152868559719226e-04	4.405006e-01	-4.405006e-01	-8.303836e-01
9.243549363290654e-04	3.968203e-01	-3.968203e-01	-7.485728e-01
9.334230166862084e-04	3.522227e-01	-3.522227e-01	-6.650370e-01
9.424910970433512e-04	3.067079e-01	-3.067079e-01	-5.797763e-01
9.515591774004941e-04	2.602759e-01	-2.602759e-01	-4.927907e-01
9.606272577576369e-04	2.129268e-01	-2.129268e-01	-4.040802e-01
9.696953381147798e-04	1.646604e-01	-1.646604e-01	-3.136447e-01
9.787634184719226e-04	1.154768e-01	-1.154768e-01	-2.214842e-01
9.982946684719222e-04	9.300367e-03	-9.300367e-03	-2.250838e-02
1.012943105971922e-03	-7.051139e-02	7.051139e-02	1.270790e-01
1.020616097043350e-03	-1.123584e-01	1.123584e-01	2.055175e-01
1.028289088114779e-03	-1.537075e-01	1.537075e-01	2.830273e-01
1.035962079186207e-03	-1.945587e-01	1.945587e-01	3.596083e-01
1.043635070257635e-03	-2.349120e-01	2.349120e-01	4.352605e-01
1.051308061329064e-03	-2.747674e-01	2.747674e-01	5.099839e-01
1.058981052400492e-03	-3.141249e-01	3.141249e-01	5.837785e-01
1.066654043471921e-03	-3.529845e-01	3.529845e-01	6.566444e-01
1.079907391686206e-03	-4.186940e-01	4.186940e-01	7.798691e-01
1.093160739900491e-03	-4.805105e-01	4.805105e-01	8.958079e-01
1.106414088114777e-03	-5.384341e-01	5.384341e-01	1.004461e+00
1.119667436329062e-03	-5.924647e-01	5.924647e-01	1.105828e+00
1.132920784543348e-03	-6.426024e-01	6.426024e-01	1.199909e+00
1.146174132757633e-03	-6.888471e-01	6.888471e-01	1.286704e+00
1.159427480971919e-03	-7.311988e-01	7.311988e-01	1.366213e+00
1.173378373829061e-03	-7.697702e-01	7.697702e-01	1.438654e+00
1.187329266686204e-03	-8.019578e-01	8.019578e-01	1.499133e+00
1.201280159543347e-03	-8.277617e-01	8.277617e-01	1.547653e+00
1.215231052400489e-03	-8.471819e-01	8.471819e-01	1.584212e+00
1.229181945257631e-03	-8.602184e-01	8.602184e-01	1.608811e+00
1.243132838114774e-03	-8.668713e-01	8.668713e-01	1.621450e+00
1.257083730971917e-03	-8.671404e-01	8.671404e-01	1.622129e+00
1.272429713114773e-03	-8.587534e-01	8.587534e-01	1.606601e+00
1.287775695257630e-03	-8.429590e-01	8.429590e-01	1.577185e+00
1.303121677400487e-03	-8.197573e-01	8.197573e-01	1.533879e+00
1.318467659543344e-03	-7.891481e-01	7.891481e-01	1.476683e+00
1.333813641686201e-03	-7.511316e-01	7.511316e-01	1.405599e+00
1.349159623829058e-03	-7.057077e-01	7.057077e-01	1.320625e+00
1.364505605971914e-03	-6.528764e-01	6.528764e-01	1.221761e+00
1.376363864900485e-03	-6.077616e-01	6.077616e-01	1.137315e+00
1.388222123829057e-03	-5.599809e-01	5.599809e-01	1.047865e+00
1.400080382757628e-03	-5.095346e-01	5.095346e-01	9.534088e-01
1.411938641686199e-03	-4.564224e-01	4.564224e-01	8.539479e-01
1.423796900614770e-03	-4.006444e-01	4.006444e-01	7.494819e-01
1.435655159543342e-03	-3.422006e-01	3.422006e-01	6.400110e-01
1.447513418471913e-03	-2.810911e-01	2.810911e-01	5.255349e-01
1.453791320257627e-03	-2.483573e-01	2.483573e-01	4.642100e-01
1.460069222043341e-03	-2.153666e-01	2.153666e-01	4.024007e-01
1.466347123829055e-03	-1.821191e-01	1.821191e-01	3.401070e-01
1.472625025614769e-03	-1.486146e-01	1.486146e-01	2.773289e-01
1.478902927400483e-03	-1.148533e-01	1.148533e-01	2.140664e-01
1.485180829186198e-03	-8.083513e-02	8.083513e-02	1.503195e-01
1.491458730971912e-03	-4.656006e-02	4.656006e-02	8.608815e-02
1.494946454186197e-03	-2.753360e-02	2.753360e-02	5.043133e-02
1.498434177400483e-03	-8.516730e-03	8.516730e-03	1.479155e-02
1.501921900614769e-03	1.049054e-02	-1.049054e-02	-2.083118e-02
1.505409623829054e-03	2.948822e-02	-2.948822e-02	-5.643686e-02
1.508897347043340e-03	4.847630e-02	-4.847630e-02	-9.202549e-02
1.512385070257625e-03	6.745479e-02	-6.745479e-02	-1.275971e-01
1.515872793471911e-03	8.642369e-02	-8.642369e-02	-1.631516e-01
1.524243329186197e-03	1.320120e-01	-1.320120e-01	-2.486045e-01
1.532613864900482e-03	1.769303e-01	-1.769303e-01	-3.328067e-01
1.540984400614768e-03	2.211783e-01	-2.211783e-01	-4.157580e-01
1.549354936329053e-03	2.647563e-01	-2.647563e-01	-4.974586e-01
1.557725472043339e-03	3.076641e-01	-3.076641e-01	-5.779083e-01
1.566096007757624e-03	3.499017e-01	-3.499017e-01	-6.571072e-01
1.574466543471910e-03	3.914693e-01	-3.914693e-01	-7.350553e-01
1.588417436329052e-03	4.588646e-01	-4.588646e-01	-8.614506e-01
1.602368329186195e-03	5.216364e-01	-5.216364e-01	-9.791913e-01
1.616319222043338e-03	5.797848e-01	-5.797848e-01	-1.088277e+00
1.630270114900480e-03	6.333098e-01	-6.333098e-01	-1.188709e+00
1.644221007757623e-03	6.822112e-01	-6.822112e-01	-1.280486e+00
1.658171900614765e-03	7.264892e-01	-7.264892e-01	-1.363608e+00
1.672122793471908e-03	7.661438e-01	-7.661438e-01	-1.438076e+00
1.686073686329050e-03	7.992383e-01	-7.992383e-01	-1.500257e+00
1.700024579186193e-03	8.258328e-01	-8.258328e-01	-1.550259e+00
1.713975472043336e-03	8.459273e-01	-8.459273e-01	-1.588082e+00
1.727926364900478e-03	8.595219e-01	-8.595219e-01	-1.613725e+00
1.741877257757621e-03	8.666165e-01	-8.666165e-01	-1.627188e+00
1.755828150614763e-03	8.672111e-01	-8.672111e-01	-1.628473e+00
1.769779043471906e-03	8.613058e-01	-8.613058e-01	-1.617578e+00
1.785125025614763e-03	8.461626e-01	-8.461626e-01	-1.589385e+00
1.800471007757619e-03	8.238728e-01	-8.238728e-01	-1.547790e+00
1.815816989900476e-03	7.944362e-01	-7.944362e-01	-1.492794e+00
1.831162972043333e-03	7.578529e-01	-7.578529e-01	-1.424395e+00
1.846508954186190e-03	7.141228e-01	-7.141228e-01	-1.342593e+00
1.861854936329047e-03	6.632461e-01	-6.632461e-01	-1.247390e+00
1.877200918471903e-03	6.052226e-01	-6.052226e-01	-1.138785e+00
1.888361632757617e-03	5.595070e-01	-5.595070e-01	-1.053198e+00
1.899522347043332e-03	5.116602e-01	-5.116602e-01	-9.636092e-01
1.910683061329046e-03	4.616821e-01	-4.616821e-01	-8.700175e-01
1.921843775614760e-03	4.095727e-01	-4.095727e-01	-7.724233e-01
1.933004489900474e-03	3.553320e-01	-3.553320e-01	-6.708264e-01
1.944165204186188e-03	2.989601e-01	-2.989601e-01	-5.652269e-01
1.955325918471902e-03	2.404568e-01	-2.404568e-01	-4.556248e-01
1.960906275614759e-03	2.109799e-01	-2.109799e-01	-4.003978e-01
1.966486632757616e-03	1.813354e-01	-1.813354e-01	-3.448542e-01
1.972066989900473e-03	1.515232e-01	-1.515232e-01	-2.889940e-01
1.977647347043330e-03	1.215434e-01	-1.215434e-01	-2.328174e-01
1.983227704186187e-03	9.139594e-02	-9.139594e-02	-1.763241e-01
1.988808061329044e-03	6.108085e-02	-6.108085e-02	-1.195144e-01
1.994388418471901e-03	3.059813e-02	-3.059813e-02	-6.238811e-02
2.009036855971901e-03	-4.925877e-02	4.925877e-02	8.727950e-02
2.016012302400472e-03	-8.735983e-02	8.735983e-02	1.586943e-01
2.022987748829043e-03	-1.251138e-01	1.251138e-01	2.294622e-01
2.029963195257614e-03	-1.625207e-01	1.625207e-01	2.995833e-01
2.036938641686186e-03	-1.995805e-01	1.995805e-01	3.690575e-01
2.043914088114757e-03	-2.362932e-01	2.362932e-01	4.378848e-01
2.050889534543328e-03	-2.726588e-01	2.726588e-01	5.060654e-01
2.057864980971900e-03	-3.086774e-01	3.086774e-01	5.735990e-01
2.070420784543328e-03	-3.725240e-01	3.725240e-01	6.933201e-01
2.082976588114756e-03	-4.331691e-01	4.331691e-01	8.070508e-01
2.095532391686185e-03	-4.906127e-01	4.906127e-01	9.147910e-01
2.108088195257613e-03	-5.448549e-01	5.448549e-01	1.016541e+00
2.120643998829041e-03	-5.958956e-01	5.958956e-01	1.112300e+00
2.133199802400470e-03	-6.437348e-01	6.437348e-01	1.202069e+00
2.145755605971898e-03	-6.883726e-01	6.883726e-01	1.285847e+00
2.160404043471897e-03	-7.346694e-01	7.346694e-01	1.372766e+00
2.175052480971897e-03	-7.740853e-01	7.740853e-01	1.446794e+00
2.189700918471897e-03	-8.066202e-01	8.066202e-01	1.507931e+00
2.204349355971896e-03	-8.322741e-01	8.322741e-01	1.556178e+00
2.218997793471896e-03	-8.510471e-01	8.510471e-01	1.591534e+00
2.233646230971896e-03	-8.629391e-01	8.629391e-01	1.613999e+00
2.248294668471896e-03	-8.679502e-01	8.679502e-01	1.623573e+00
2.262943105971895e-03	-8.646833e-01	8.646833e-01	1.617634e+00
2.277591543471895e-03	-8.544860e-01	8.544860e-01	1.598700e+00
2.292239980971895e-03	-8.373584e-01	8.373584e-01	1.566773e+00
2.306888418471894e-03	-8.133004e-01	8.133004e-01	1.521853e+00
2.321536855971894e-03	-7.823121e-01	7.823121e-01	1.463938e+00
2.336185293471894e-03	-7.443935e-01	7.443935e-01	1.393031e+00
2.350833730971893e-03	-6.995445e-01	6.995445e-01	1.309129e+00
2.363389534543322e-03	-6.560584e-01	6.560584e-01	1.227751e+00
2.375945338114750e-03	-6.092794e-01	6.092794e-01	1.140192e+00
2.388501141686178e-03	-5.592075e-01	5.592075e-01	1.046451e+00
2.401056945257607e-03	-5.058426e-01	5.058426e-01	9.465301e-01
2.413612748829035e-03	-4.491848e-01	4.491848e-01	8.404279e-01
2.426168552400463e-03	-3.892340e-01	3.892340e-01	7.281446e-01
2.438724355971891e-03	-3.259903e-01	3.259903e-01	6.096804e-01
2.445699802400463e-03	-2.902541e-01	2.902541e-01	5.427353e-01
2.452675248829034e-03	-2.541359e-01	2.541359e-01	4.750708e-01
2.459650695257605e-03	-2.176359e-01	2.176359e-01	4.066871e-01
2.466626141686177e-03	-1.807540e-01	1.807540e-01	3.375840e-01
2.473601588114748e-03	-1.434903e-01	1.434903e-01	2.677616e-01
2.480577034543319e-03	-1.058446e-01	1.058446e-01	1.972199e-01
2.487552480971890e-03	-6.781715e-02	6.781715e-02	1.259589e-01
2.511966543471890e-03	6.520172e-02	-6.520172e-02	-1.233394e-01
2.519639534543318e-03	1.070753e-01	-1.070753e-01	-2.018266e-01
2.527312525614747e-03	1.484629e-01	-1.484629e-01	-2.794075e-01
2.534985516686175e-03	1.893646e-01	-1.893646e-01	-3.560820e-01
2.542658507757603e-03	2.297804e-01	-2.297804e-01	-4.318502e-01
2.550331498829032e-03	2.697103e-01	-2.697103e-01	-5.067121e-01
2.558004489900460e-03	3.091542e-01	-3.091542e-01	-5.806676e-01
2.565677480971889e-03	3.481122e-01	-3.481122e-01	-6.537168e-01
2.578930829186174e-03	4.140222e-01	-4.140222e-01	-7.773155e-01
2.592184177400460e-03	4.760671e-01	-4.760671e-01	-8.936806e-01
2.605437525614745e-03	5.342470e-01	-5.342470e-01	-1.002812e+00
2.618690873829030e-03	5.885617e-01	-5.885617e-01	-1.104710e+00
2.631944222043316e-03	6.390113e-01	-6.390113e-01	-1.199374e+00
2.645197570257601e-03	6.855957e-01	-6.855957e-01	-1.286804e+00
2.658450918471887e-03	7.283151e-01	-7.283151e-01	-1.367001e+00
2.672401811329029e-03	7.672980e-01	-7.672980e-01	-1.440211e+00
2.686352704186172e-03	7.999079e-01	-7.999079e-01	-1.501481e+00
2.700303597043314e-03	8.261446e-01	-8.261446e-01	-1.550810e+00
2.714254489900457e-03	8.460083e-01	-8.460083e-01	-1.588200e+00
2.728205382757600e-03	8.594990e-01	-8.594990e-01	-1.613649e+00
2.742156275614742e-03	8.666165e-01	-8.666165e-01	-1.627157e+00
2.756107168471885e-03	8.673610e-01	-8.673610e-01	-1.628726e+00
2.770755605971884e-03	8.601024e-01	-8.601024e-01	-1.615303e+00
2.785404043471884e-03	8.460313e-01	-8.460313e-01	-1.589107e+00
2.800052480971884e-03	8.251476e-01	-8.251476e-01	-1.550138e+00
2.814700918471883e-03	7.974514e-01	-7.974514e-01	-1.498395e+00
2.829349355971883e-03	7.629426e-01	-7.629426e-01	-1.433878e+00
2.843997793471883e-03	7.216213e-01	-7.216213e-01	-1.356587e+00
2.858646230971883e-03	6.734875e-01	-6.734875e-01	-1.266523e+00
2.870504489900454e-03	6.301528e-01	-6.301528e-01	-1.185417e+00
2.882362748829025e-03	5.840078e-01	-5.840078e-01	-1.099034e+00
2.894221007757596e-03	5.350525e-01	-5.350525e-01	-1.007376e+00
2.906079266686167e-03	4.832868e-01	-4.832868e-01	-9.104425e-01
2.917937525614739e-03	4.287108e-01	-4.287108e-01	-8.082329e-01
2.929795784543309e-03	3.713244e-01	-3.713244e-01	-7.007476e-01
2.941654043471881e-03	3.111277e-01	-3.111277e-01	-5.879865e-01
2.948629489900452e-03	2.751479e-01	-2.751479e-01	-5.205832e-01
2.955604936329023e-03	2.388162e-01	-2.388162e-01	-4.525164e-01
2.962580382757595e-03	2.021324e-01	-2.021324e-01	-3.837864e-01
2.969555829186166e-03	1.650967e-01	-1.650967e-01	-3.143929e-01
2.976531275614737e-03	1.277089e-01	-1.277089e-01	-2.443361e-01
2.983506722043308e-03	8.996920e-02	-8.996920e-02	-1.736160e-01
2.990482168471880e-03	5.187746e-02	-5.187746e-02	-1.022325e-01
3.010013418471879e-03	-5.457521e-02	5.457521e-02	9.727862e-02
3.017686409543308e-03	-9.649719e-02	9.649719e-02	1.758559e-01
3.025359400614736e-03	-1.379572e-01	1.379572e-01	2.535719e-01
3.033032391686165e-03	-1.789553e-01	1.789553e-01	3.304265e-01
3.040705382757593e-03	-2.194915e-01	2.194915e-01	4.064198e-01
3.048378373829021e-03	-2.595658e-01	2.595658e-01	4.815517e-01
3.056051364900450e-03	-2.991781e-01	2.991781e-01	5.558222e-01
3.063724355971878e-03	-3.383285e-01	3.383285e-01	6.292314e-01
3.076280159543306e-03	-4.011213e-01	4.011213e-01	7.469829e-01
3.088835963114735e-03	-4.605566e-01	4.605566e-01	8.584510e-01
3.101391766686163e-03	-5.166341e-01	5.166341e-01	9.636357e-01
3.113947570257591e-03	-5.693540e-01	5.693540e-01	1.062537e+00
3.126503373829020e-03	-6.187162e-01	6.187162e-01	1.155155e+00
3.139059177400448e-03	-6.647207e-01	6.647207e-01	1.241489e+00
3.151614980971876e-03	-7.073676e-01	7.073676e-01	1.321540e+00
3.166263418471876e-03	-7.511644e-01	7.511644e-01	1.403777e+00
3.180911855971876e-03	-7.879974e-01	7.879974e-01	1.472967e+00
3.195560293471875e-03	-8.178665e-01	8.178665e-01	1.529111e+00
3.210208730971875e-03	-8.407717e-01	8.407717e-01	1.572208e+00
3.224857168471875e-03	-8.567131e-01	8.567131e-01	1.602258e+00
3.239505605971874e-03	-8.656907e-01	8.656907e-01	1.619262e+00
3.254154043471874e-03	-8.677043e-01	8.677043e-01	1.623219e+00
3.268802480971874e-03	-8.614424e-01	8.614424e-01	1.611666e+00
3.283450918471873e-03	-8.483369e-01	8.483369e-01	1.587281e+00
3.298099355971873e-03	-8.283879e-01	8.283879e-01	1.550064e+00
3.312747793471873e-03	-8.015953e-01	8.015953e-01	1.500017e+00
3.327396230971873e-03	-7.679592e-01	7.679592e-01	1.437137e+00
3.342044668471872e-03	-7.274795e-01	7.274795e-01	1.361426e+00
3.356693105971872e-03	-6.801564e-01	6.801564e-01	1.272884e+00
3.368551364900443e-03	-6.374283e-01	6.374283e-01	1.192916e+00
3.380409623829014e-03	-5.918425e-01	5.918425e-01	1.107584e+00
3.392267882757585e-03	-5.433991e-01	5.433991e-01	1.016887e+00
3.404126141686157e-03	-4.920979e-01	4.920979e-01	9.208263e-01
3.415984400614728e-03	-4.379390e-01	4.379390e-01	8.194009e-01
3.427842659543299e-03	-3.809224e-01	3.809224e-01	7.126110e-01
3.439700918471870e-03	-3.210481e-01	3.210481e-01	6.004567e-01
3.446676364900442e-03	-2.852294e-01	2.852294e-01	5.333565e-01
3.453651811329013e-03	-2.490387e-01	2.490387e-01	4.655555e-01
3.460627257757584e-03	-2.124760e-01	2.124760e-01	3.970539e-01
3.467602704186155e-03	-1.755415e-01	1.755415e-01	3.278516e-01
3.474578150614727e-03	-1.382350e-01	1.382350e-01	2.579486e-01
3.481553597043298e-03	-1.005566e-01	1.005566e-01	1.873449e-01
3.488529043471869e-03	-6.250621e-02	6.250621e-02	1.160406e-01
3.492016766686155e-03	-4.349791e-02	4.349791e-02	8.041855e-02
3.495504489900440e-03	-2.449155e-02	2.449155e-02	4.479923e-02
3.498992213114726e-03	-5.487106e-03	5.487106e-03	9.182592e-03
3.502479936329011e-03	1.351541e-02	-1.351541e-02	-2.643137e-02
3.505967659543297e-03	3.251600e-02	-3.251600e-02	-6.204266e-02
3.509455382757583e-03	5.151466e-02	-5.151466e-02	-9.765127e-02
3.512943105971869e-03	7.051139e-02	-7.051139e-02	-1.332572e-01
3.520616097043297e-03	1.123584e-01	-1.123584e-01	-2.116952e-01
3.528289088114726e-03	1.537075e-01	-1.537075e-01	-2.892044e-01
3.535962079186154e-03	1.945587e-01	-1.945587e-01	-3.657849e-01
3.543635070257582e-03	2.349120e-01	-2.349120e-01	-4.414365e-01
3.551308061329010e-03	2.747674e-01	-2.747674e-01	-5.161594e-01
3.558981052400439e-03	3.141249e-01	-3.141249e-01	-5.899535e-01
3.566654043471867e-03	3.529845e-01	-3.529845e-01	-6.628188e-01
3.579907391686153e-03	4.186940e-01	-4.186940e-01	-7.860427e-01
3.593160739900438e-03	4.805105e-01	-4.805105e-01	-9.019805e-01
3.606414088114724e-03	5.384341e-01	-5.384341e-01	-1.010633e+00
3.619667436329009e-03	5.924647e-01	-5.924647e-01	-1.111999e+00
3.632920784543294e-03	6.426024e-01	-6.426024e-01	-1.206079e+00
3.646174132757580e-03	6.888471e-01	-6.888471e-01	-1.292873e+00
3.659427480971865e-03	7.311988e-01	-7.311988e-01	-1.372381e+00
3.673378373829008e-03	7.697702e-01	-7.697702e-01	-1.444821e+00
3.687329266686151e-03	8.019578e-01	-8.019578e-01	-1.505300e+00
3.701280159543293e-03	8.277617e-01	-8.277617e-01	-1.553818e+00
3.715231052400436e-03	8.471819e-01	-8.471819e-01	-1.590377e+00
3.729181945257578e-03	8.602184e-01	-8.602184e-01	-1.614975e+00
3.743132838114721e-03	8.668713e-01	-8.668713e-01	-1.627612e+00
3.757083730971863e-03	8.671404e-01	-8.671404e-01	-1.628290e+00
3.771732168471863e-03	8.593839e-01	-8.593839e-01	-1.613934e+00
3.786380605971863e-03	8.448307e-01	-8.448307e-01	-1.586835e+00
3.801029043471862e-03	8.234808e-01	-8.234808e-01	-1.546991e+00
3.815677480971862e-03	7.953343e-01	-7.953343e-01	-1.494404e+00
3.830325918471862e-03	7.603912e-01	-7.603912e-01	-1.429072e+00
3.844974355971861e-03	7.186514e-01	-7.186514e-01	-1.350997e+00
3.859622793471861e-03	6.701149e-01	-6.701149e-01	-1.260178e+00
3.871481052400432e-03	6.264794e-01	-6.264794e-01	-1.178507e+00
3.883339311329003e-03	5.800574e-01	-5.800574e-01	-1.091605e+00
3.895197570257575e-03	5.308489e-01	-5.308489e-01	-9.994714e-01
3.907055829186146e-03	4.788539e-01	-4.788539e-01	-9.021070e-01
3.918914088114717e-03	4.240724e-01	-4.240724e-01	-7.995115e-01
3.930772347043288e-03	3.665043e-01	-3.665043e-01	-6.916849e-01
3.942630605971859e-03	3.061498e-01	-3.061498e-01	-5.786272e-01
3.949606052400431e-03	2.700916e-01	-2.700916e-01	-5.110763e-01
3.956581498829002e-03	2.336913e-01	-2.336913e-01	-4.428807e-01
3.963556945257574e-03	1.969491e-01	-1.969491e-01	-3.740406e-01
3.970532391686144e-03	1.598649e-01	-1.598649e-01	-3.045557e-01
3.977507838114716e-03	1.224386e-01	-1.224386e-01	-2.344262e-01
3.984483284543287e-03	8.467035e-02	-8.467035e-02	-1.636521e-01
3.991458730971858e-03	4.656006e-02	-4.656006e-02	-9.223332e-02
3.994946454186144e-03	2.753360e-02	-2.753360e-02	-5.657625e-02
3.998434177400430e-03	8.516730e-03	-8.516730e-03	-2.093624e-02
4.001921900614715e-03	-1.049054e-02	1.049054e-02	1.468673e-02
4.005409623829001e-03	-2.948822e-02	2.948822e-02	5.029265e-02
4.008897347043286e-03	-4.847630e-02	4.847630e-02	8.588152e-02
4.012385070257573e-03	-6.745479e-02	6.745479e-02	1.214533e-01
4.015872793471858e-03	-8.642369e-02	8.642369e-02	1.570081e-01
4.024243329186143e-03	-1.320120e-01	1.320120e-01	2.424616e-01
4.032613864900429e-03	-1.769303e-01	1.769303e-01	3.266644e-01
4.040984400614714e-03	-2.211783e-01	2.211783e-01	4.096163e-01
4.049354936329000e-03	-2.647563e-01	2.647563e-01	4.913174e-01
4.057725472043285e-03	-3.076641e-01	3.076641e-01	5.717677e-01
4.066096007757571e-03	-3.499017e-01	3.499017e-01	6.509672e-01
4.074466543471857e-03	-3.914693e-01	3.914693e-01	7.289159e-01
4.088417436328999e-03	-4.588646e-01	4.588646e-01	8.553121e-01
4.102368329186141e-03	-5.216364e-01	5.216364e-01	9.730538e-01
4.116319222043284e-03	-5.797848e-01	5.797848e-01	1.082141e+00
4.130270114900427e-03	-6.333098e-01	6.333098e-01	1.182573e+00
4.144221007757570e-03	-6.822112e-01	6.822112e-01	1.274351e+00
4.158171900614712e-03	-7.264892e-01	7.264892e-01	1.357475e+00
4.172122793471855e-03	-7.661438e-01	7.661438e-01	1.431944e+00
4.186073686328997e-03	-7.992383e-01	7.992383e-01	1.494126e+00
4.200024579186139e-03	-8.258328e-01	8.258328e-01	1.544128e+00
4.213975472043282e-03	-8.459273e-01	8.459273e-01	1.581952e+00
4.227926364900425e-03	-8.595219e-01	8.595219e-01	1.607596e+00
4.241877257757568e-03	-8.666165e-01	8.666165e-01	1.621060e+00
4.255828150614710e-03	-8.672111e-01	8.672111e-01	1.622346e+00
4.269779043471852e-03	-8.613058e-01	8.613058e-01	1.611452e+00
4.285125025614709e-03	-8.461626e-01	8.461626e-01	1.583260e+00
4.300471007757566e-03	-8.238728e-01	8.238728e-01	1.541667e+00
4.315816989900423e-03	-7.944362e-01	7.944362e-01	1.486671e+00
4.331162972043280e-03	-7.578529e-01	7.578529e-01	1.418273e+00
4.346508954186136e-03	-7.141228e-01	7.141228e-01	1.336473e+00
4.361854936328994e-03	-6.632461e-01	6.632461e-01	1.241270e+00
4.377200918471850e-03	-6.052226e-01	6.052226e-01	1.132666e+00
4.388361632757565e-03	-5.595070e-01	5.595070e-01	1.047080e+00
4.399522347043278e-03	-5.116602e-01	5.116602e-01	9.574920e-01
4.410683061328993e-03	-4.616821e-01	4.616821e-01	8.639011e-01
4.421843775614706e-03	-4.095727e-01	4.095727e-01	7.663076e-01
4.433004489900421e-03	-3.553320e-01	3.553320e-01	6.647115e-01
4.444165204186134e-03	-2.989601e-01	2.989601e-01	5.591128e-01
4.455325918471848e-03	-2.404568e-01	2.404568e-01	4.495115e-01
4.460906275614705e-03	-2.109799e-01	2.109799e-01	3.942848e-01
4.466486632757563e-03	-1.813354e-01	1.813354e-01	3.387416e-01
4.472066989900420e-03	-1.515232e-01	1.515232e-01	2.828818e-01
4.477647347043276e-03	-1.215434e-01	1.215434e-01	2.267055e-01
4.483227704186133e-03	-9.139594e-02	9.139594e-02	1.702127e-01
4.488808061328991e-03	-6.108085e-02	6.108085e-02	1.134033e-01
4.494388418471848e-03	-3.059813e-02	3.059813e-02	5.627745e-02
4.509036855971847e-03	4.925877e-02	-4.925877e-02	-9.338915e-02
4.516709847043276e-03	9.120259e-02	-9.120259e-02	-1.720063e-01
4.524382838114704e-03	1.326965e-01	-1.326965e-01	-2.497846e-01
4.532055829186132e-03	1.737405e-01	-1.737405e-01	-3.267241e-01
4.539728820257561e-03	2.143346e-01	-2.143346e-01	-4.028248e-01
4.547401811328990e-03	2.544787e-01	-2.544787e-01	-4.780867e-01
4.555074802400418e-03	2.941730e-01	-2.941730e-01	-5.525098e-01
4.562747793471846e-03	3.334174e-01	-3.334174e-01	-6.260941e-01
4.575303597043274e-03	3.963918e-01	-3.963918e-01	-7.441842e-01
4.587859400614703e-03	4.560343e-01	-4.560343e-01	-8.560391e-01
4.600415204186131e-03	5.123449e-01	-5.123449e-01	-9.616587e-01
4.612971007757560e-03	5.653235e-01	-5.653235e-01	-1.061043e+00
4.625526811328988e-03	6.149702e-01	-6.149702e-01	-1.154192e+00
4.638082614900416e-03	6.612849e-01	-6.612849e-01	-1.241107e+00
4.650638418471844e-03	7.042677e-01	-7.042677e-01	-1.321785e+00
4.665286855971844e-03	7.484854e-01	-7.484854e-01	-1.404810e+00
4.679935293471844e-03	7.857524e-01	-7.857524e-01	-1.474812e+00
4.694583730971843e-03	8.160687e-01	-8.160687e-01	-1.531793e+00
4.709232168471843e-03	8.394343e-01	-8.394343e-01	-1.575751e+00
4.723880605971843e-03	8.558492e-01	-8.558492e-01	-1.606688e+00
4.738529043471842e-03	8.653135e-01	-8.653135e-01	-1.624603e+00
4.753177480971842e-03	8.678270e-01	-8.678270e-01	-1.629495e+00
4.767825918471842e-03	8.620638e-01	-8.620638e-01	-1.618876e+00
4.782474355971842e-03	8.494419e-01	-8.494419e-01	-1.595396e+00
4.797122793471841e-03	8.299613e-01	-8.299613e-01	-1.559057e+00
4.811771230971841e-03	8.036221e-01	-8.036221e-01	-1.509859e+00
4.826419668471841e-03	7.704242e-01	-7.704242e-01	-1.447800e+00
4.841068105971840e-03	7.303676e-01	-7.303676e-01	-1.372882e+00
4.855716543471840e-03	6.834524e-01	-6.834524e-01	-1.285104e+00
4.875247793471840e-03	6.128123e-01	-6.128123e-01	-1.152890e+00
4.886408507757554e-03	5.676067e-01	-5.676067e-01	-1.068260e+00
4.897569222043268e-03	5.202249e-01	-5.202249e-01	-9.795443e-01
4.908729936328982e-03	4.706669e-01	-4.706669e-01	-8.867414e-01
4.919890650614695e-03	4.189328e-01	-4.189328e-01	-7.898519e-01
4.931051364900410e-03	3.650226e-01	-3.650226e-01	-6.888758e-01
4.942212079186123e-03	3.089361e-01	-3.089361e-01	-5.838130e-01
4.953372793471838e-03	2.506736e-01	-2.506736e-01	-4.746636e-01
4.958953150614695e-03	2.212962e-01	-2.212962e-01	-4.196239e-01
4.964533507757552e-03	1.917384e-01	-1.917384e-01	-3.642436e-01
4.970113864900409e-03	1.619999e-01	-1.619999e-01	-3.085225e-01
4.975694222043266e-03	1.320810e-01	-1.320810e-01	-2.524607e-01
4.981274579186123e-03	1.019815e-01	-1.019815e-01	-1.960582e-01
4.986854936328980e-03	7.170147e-02	-7.170147e-02	-1.393151e-01
4.992435293471837e-03	4.124090e-02	-4.124090e-02	-8.223116e-02
5.000000000000000e-03	4.253048e-15	-1.062993e-15	-4.940368e-03
