time	V(cold)	V(hot)	V(out)
0.000000000000000e+00	2.737086e-17	0.000000e+00	5.999689e-12
4.882812557061023e-11	-6.856894e-08	6.856894e-08	6.001422e-12
9.765625114122045e-11	-1.371379e-07	1.371379e-07	6.003198e-12
1.953125022824409e-10	-2.742758e-07	2.742758e-07	6.011192e-12
2.197265650677460e-10	-3.085602e-07	3.085602e-07	6.013856e-12
2.685546906383562e-10	-3.771292e-07	3.771292e-07	6.020962e-12
3.662109417795767e-10	-5.142671e-07	5.142671e-07	6.060930e-12
5.615234440620176e-10	-7.885428e-07	7.885428e-07	6.314060e-12
9.521484486268994e-10	-1.337094e-06	1.337094e-06	8.559375e-12
1.733398457756663e-09	-2.434198e-06	2.434198e-06	3.370815e-11
3.295898476016190e-09	-4.628404e-06	4.628404e-06	3.496972e-10
6.420898512535245e-09	-9.016816e-06	9.016816e-06	4.364789e-09
1.267089858557335e-08	-1.779364e-05	1.779364e-05	5.133936e-08
2.517089873164957e-08	-3.534729e-05	3.534729e-05	5.110067e-07
4.138407916170528e-08	-5.811533e-05	5.811533e-05	2.283977e-06
9.573232496164250e-08	-1.344361e-04	1.344361e-04	2.094323e-05
1.603177353024615e-07	-2.251329e-04	2.251329e-04	6.773785e-05
2.894885559840995e-07	-4.065262e-04	4.065262e-04	2.347240e-04
5.478301973473757e-07	-7.693120e-04	7.693120e-04	8.393954e-04
8.078821970289586e-07	-1.134498e-03	1.134498e-03	1.779506e-03
1.210305621755687e-06	-1.699606e-03	1.699606e-03	3.779751e-03
1.709344527326779e-06	-2.400373e-03	2.400373e-03	6.987936e-03
2.505125657024433e-06	-3.517783e-03	3.517783e-03	1.322297e-02
3.613481641204727e-06	-5.073947e-03	5.073947e-03	2.321678e-02
5.195222853403491e-06	-7.294314e-03	7.294314e-03	3.858196e-02
7.521256748002946e-06	-1.055811e-02	1.055811e-02	6.181580e-02
1.437293467689317e-05	-2.020014e-02	2.020014e-02	1.308381e-01
2.122461260578339e-05	-2.976091e-02	2.976091e-02	1.992982e-01
2.807629053467361e-05	-3.924041e-02	3.924041e-02	2.671961e-01
3.492796846356383e-05	-4.863865e-02	4.863865e-02	3.345320e-01
4.177964639245406e-05	-5.795562e-02	5.795562e-02	4.013056e-01
4.863132432134426e-05	-6.719132e-02	6.719132e-02	4.675172e-01
5.548300225023448e-05	-7.634575e-02	7.634575e-02	5.331665e-01
6.734126117880592e-05	-9.196321e-02	9.196321e-02	6.452165e-01
7.919952010737737e-05	-1.068751e-01	1.068751e-01	7.522661e-01
9.105777903594881e-05	-1.210814e-01	1.210814e-01	8.543153e-01
1.029160379645203e-04	-1.345822e-01	1.345822e-01	9.513641e-01
1.147742968930917e-04	-1.473774e-01	1.473774e-01	1.043413e+00
1.266325558216631e-04	-1.594670e-01	1.594670e-01	1.130461e+00
1.384908147502345e-04	-1.708511e-01	1.708511e-01	1.212508e+00
1.566269754645203e-04	-1.864100e-01	1.864100e-01	1.324841e+00
1.747631361788060e-04	-1.992396e-01	1.992396e-01	1.417685e+00
1.928992968930917e-04	-2.093400e-01	2.093400e-01	1.491041e+00
2.110354576073775e-04	-2.167111e-01	2.167111e-01	1.544909e+00
2.291716183216632e-04	-2.213529e-01	2.213529e-01	1.579288e+00
2.473077790359489e-04	-2.232654e-01	2.232654e-01	1.594180e+00
2.654439397502346e-04	-2.224486e-01	2.224486e-01	1.589583e+00
2.828825558216633e-04	-2.184426e-01	2.184426e-01	1.562103e+00
3.003211718930918e-04	-2.120904e-01	2.120904e-01	1.517776e+00
3.177597879645204e-04	-2.033921e-01	2.033921e-01	1.456604e+00
3.351984040359490e-04	-1.923475e-01	1.923475e-01	1.378586e+00
3.526370201073776e-04	-1.789567e-01	1.789567e-01	1.283722e+00
3.700756361788062e-04	-1.632196e-01	1.632196e-01	1.172013e+00
3.875142522502347e-04	-1.451364e-01	1.451364e-01	1.043458e+00
3.979774218930919e-04	-1.335188e-01	1.335188e-01	9.607717e-01
4.084405915359491e-04	-1.214602e-01	1.214602e-01	8.748899e-01
4.189037611788062e-04	-1.089607e-01	1.089607e-01	7.858121e-01
4.293669308216634e-04	-9.602016e-02	9.602016e-02	6.935384e-01
4.398301004645205e-04	-8.263865e-02	8.263865e-02	5.980688e-01
4.502932701073777e-04	-6.881615e-02	6.881615e-02	4.994033e-01
4.607564397502348e-04	-5.455268e-02	5.455268e-02	3.975419e-01
4.656392522502348e-04	-4.786261e-02	4.786261e-02	3.497483e-01
4.705220647502348e-04	-4.114339e-02	4.114339e-02	3.017362e-01
4.754048772502348e-04	-3.439502e-02	3.439502e-02	2.535056e-01
4.802876897502348e-04	-2.761748e-02	2.761748e-02	2.050565e-01
4.851705022502348e-04	-2.081080e-02	2.081080e-02	1.563888e-01
4.900533147502348e-04	-1.397495e-02	1.397495e-02	1.075027e-01
4.949361272502348e-04	-7.109956e-03	7.109956e-03	5.839807e-02
5.095845647502349e-04	1.345139e-02	-1.345139e-02	-8.873540e-02
5.165600111788063e-04	2.325924e-02	-2.325924e-02	-1.589507e-01
5.235354576073778e-04	3.297627e-02	-3.297627e-02	-2.285361e-01
5.305109040359492e-04	4.260249e-02	-4.260249e-02	-2.974916e-01
5.374863504645206e-04	5.213790e-02	-5.213790e-02	-3.658173e-01
5.444617968930921e-04	6.158250e-02	-6.158250e-02	-4.335131e-01
5.514372433216635e-04	7.093629e-02	-7.093629e-02	-5.005790e-01
5.584126897502349e-04	8.019926e-02	-8.019926e-02	-5.670151e-01
5.709684933216635e-04	9.661460e-02	-9.661460e-02	-6.848080e-01
5.835242968930921e-04	1.122018e-01	-1.122018e-01	-7.967280e-01
5.960801004645206e-04	1.269608e-01	-1.269608e-01	-9.027750e-01
6.086359040359492e-04	1.408917e-01	-1.408917e-01	-1.002949e+00
6.211917076073779e-04	1.539945e-01	-1.539945e-01	-1.097250e+00
6.337475111788064e-04	1.662690e-01	-1.662690e-01	-1.185678e+00
6.463033147502350e-04	1.777155e-01	-1.777155e-01	-1.268233e+00
6.644394754645207e-04	1.922189e-01	-1.922189e-01	-1.373047e+00
6.825756361788064e-04	2.039547e-01	-2.039547e-01	-1.458091e+00
7.007117968930922e-04	2.129227e-01	-2.129227e-01	-1.523367e+00
7.188479576073779e-04	2.191231e-01	-2.191231e-01	-1.568872e+00
7.369841183216637e-04	2.225558e-01	-2.225558e-01	-1.594609e+00
7.551202790359494e-04	2.232208e-01	-2.232208e-01	-1.600576e+00
7.732564397502351e-04	2.211181e-01	-2.211181e-01	-1.586774e+00
7.899975111788065e-04	2.161892e-01	-2.161892e-01	-1.552629e+00
8.067385826073780e-04	2.091349e-01	-2.091349e-01	-1.503220e+00
8.234796540359494e-04	1.999553e-01	-1.999553e-01	-1.438546e+00
8.402207254645208e-04	1.886503e-01	-1.886503e-01	-1.358608e+00
8.569617968930924e-04	1.752200e-01	-1.752200e-01	-1.263405e+00
8.737028683216638e-04	1.596644e-01	-1.596644e-01	-1.152938e+00
8.904439397502352e-04	1.419834e-01	-1.419834e-01	-1.027207e+00
9.009071093930923e-04	1.301976e-01	-1.301976e-01	-9.433068e-01
9.113702790359495e-04	1.179866e-01	-1.179866e-01	-8.563231e-01
9.218334486788066e-04	1.053504e-01	-1.053504e-01	-7.662562e-01
9.322966183216638e-04	9.228910e-02	-9.228910e-02	-6.731060e-01
9.427597879645209e-04	7.880257e-02	-7.880257e-02	-5.768725e-01
9.532229576073781e-04	6.489086e-02	-6.489086e-02	-4.775557e-01
9.636861272502353e-04	5.055396e-02	-5.055396e-02	-3.751557e-01
9.685689397502351e-04	4.383606e-02	-4.383606e-02	-3.271568e-01
9.734517522502352e-04	3.709284e-02	-3.709284e-02	-2.789667e-01
9.783345647502350e-04	3.032430e-02	-3.032430e-02	-2.305856e-01
9.832173772502349e-04	2.353044e-02	-2.353044e-02	-1.820133e-01
9.881001897502351e-04	1.671125e-02	-1.671125e-02	-1.332500e-01
9.929830022502350e-04	9.866752e-03	-9.866752e-03	-8.429558e-02
9.978658147502349e-04	2.996929e-03	-2.996929e-03	-3.515007e-02
1.012514252250235e-03	-1.755556e-02	1.755556e-02	1.119390e-01
1.020187243321663e-03	-2.833373e-02	2.833373e-02	1.891122e-01
1.027860234393091e-03	-3.898506e-02	3.898506e-02	2.654017e-01
1.035533225464520e-03	-4.950953e-02	4.950953e-02	3.408074e-01
1.043206216535948e-03	-5.990716e-02	5.990716e-02	4.153294e-01
1.050879207607377e-03	-7.017793e-02	7.017793e-02	4.889676e-01
1.058552198678805e-03	-8.032186e-02	8.032186e-02	5.617220e-01
1.066225189750233e-03	-9.033893e-02	9.033893e-02	6.335927e-01
1.079478537964519e-03	-1.072811e-01	1.072811e-01	7.552180e-01
1.092731886178804e-03	-1.232241e-01	1.232241e-01	8.697490e-01
1.105985234393090e-03	-1.381677e-01	1.381677e-01	9.771858e-01
1.119238582607375e-03	-1.521122e-01	1.521122e-01	1.077528e+00
1.132491930821661e-03	-1.650574e-01	1.650574e-01	1.170777e+00
1.145745279035946e-03	-1.770034e-01	1.770034e-01	1.256931e+00
1.158998627250231e-03	-1.879501e-01	1.879501e-01	1.335991e+00
1.177134787964517e-03	-2.006650e-01	2.006650e-01	1.428060e+00
1.195270948678802e-03	-2.105641e-01	2.105641e-01	1.500006e+00
1.213407109393087e-03	-2.176473e-01	2.176473e-01	1.551826e+00
1.231543270107373e-03	-2.219147e-01	2.219147e-01	1.583523e+00
1.249679430821658e-03	-2.233663e-01	2.233663e-01	1.595095e+00
1.267815591535943e-03	-2.220020e-01	2.220020e-01	1.586542e+00
1.285951752250229e-03	-2.178219e-01	2.178219e-01	1.557865e+00
1.301995279035943e-03	-2.113901e-01	2.113901e-01	1.512898e+00
1.318038805821657e-03	-2.030794e-01	2.030794e-01	1.454429e+00
1.334082332607371e-03	-1.928898e-01	1.928898e-01	1.382458e+00
1.350125859393084e-03	-1.808214e-01	1.808214e-01	1.296985e+00
1.366169386178799e-03	-1.668741e-01	1.668741e-01	1.198011e+00
1.382212912964512e-03	-1.510479e-01	1.510479e-01	1.085534e+00
1.398256439750226e-03	-1.333429e-01	1.333429e-01	9.595552e-01
1.408022064750226e-03	-1.219774e-01	1.219774e-01	8.786088e-01
1.417787689750226e-03	-1.102669e-01	1.102669e-01	7.951572e-01
1.427553314750226e-03	-9.821125e-02	9.821125e-02	7.092002e-01
1.437318939750225e-03	-8.581056e-02	8.581056e-02	6.207380e-01
1.447084564750225e-03	-7.306481e-02	7.306481e-02	5.297704e-01
1.456850189750225e-03	-5.997399e-02	5.997399e-02	4.362976e-01
1.466615814750225e-03	-4.653811e-02	4.653811e-02	3.403194e-01
1.470801082607368e-03	-4.076410e-02	4.076410e-02	2.990602e-01
1.474986350464510e-03	-3.497195e-02	3.497195e-02	2.576638e-01
1.479171618321653e-03	-2.916167e-02	2.916167e-02	2.161304e-01
1.483356886178796e-03	-2.333324e-02	2.333324e-02	1.744599e-01
1.487542154035939e-03	-1.748668e-02	1.748668e-02	1.326524e-01
1.491727421893081e-03	-1.162198e-02	1.162198e-02	9.070776e-02
1.495912689750224e-03	-5.739146e-03	5.739146e-03	4.862607e-02
1.505678314750224e-03	7.972320e-03	-7.972320e-03	-4.948482e-02
1.511956216535938e-03	1.680806e-02	-1.680806e-02	-1.127294e-01
1.518234118321652e-03	2.558380e-02	-2.558380e-02	-1.755608e-01
1.524512020107367e-03	3.429954e-02	-3.429954e-02	-2.379792e-01
1.530789921893081e-03	4.295527e-02	-4.295527e-02	-2.999845e-01
1.537067823678795e-03	5.155099e-02	-5.155099e-02	-3.615768e-01
1.543345725464509e-03	6.008672e-02	-6.008672e-02	-4.227559e-01
1.549623627250223e-03	6.856243e-02	-6.856243e-02	-4.835220e-01
1.561481886178794e-03	8.440454e-02	-8.440454e-02	-5.971510e-01
1.573340145107365e-03	9.957877e-02	-9.957877e-02	-7.060506e-01
1.585198404035937e-03	1.140851e-01	-1.140851e-01	-8.102206e-01
1.597056662964508e-03	1.279236e-01	-1.279236e-01	-9.096610e-01
1.608914921893079e-03	1.410942e-01	-1.410942e-01	-1.004372e+00
1.620773180821650e-03	1.535969e-01	-1.535969e-01	-1.094353e+00
1.632631439750221e-03	1.654317e-01	-1.654317e-01	-1.179605e+00
1.650767600464507e-03	1.817578e-01	-1.817578e-01	-1.297397e+00
1.668903761178792e-03	1.953877e-01	-1.953877e-01	-1.395943e+00
1.687039921893077e-03	2.063215e-01	-2.063215e-01	-1.475242e+00
1.705176082607363e-03	2.145591e-01	-2.145591e-01	-1.535296e+00
1.723312243321648e-03	2.201005e-01	-2.201005e-01	-1.576102e+00
1.741448404035933e-03	2.229457e-01	-2.229457e-01	-1.597662e+00
1.759584564750219e-03	2.230949e-01	-2.230949e-01	-1.599976e+00
1.777720725464504e-03	2.197942e-01	-2.197942e-01	-1.577597e+00
1.795856886178789e-03	2.139309e-01	-2.139309e-01	-1.536821e+00
1.813993046893075e-03	2.055051e-01	-2.055051e-01	-1.477650e+00
1.832129207607360e-03	1.945168e-01	-1.945168e-01	-1.400083e+00
1.850265368321645e-03	1.809659e-01	-1.809659e-01	-1.304120e+00
1.868401529035931e-03	1.648525e-01	-1.648525e-01	-1.189762e+00
1.886537689750216e-03	1.461766e-01	-1.461766e-01	-1.057008e+00
1.897000859393073e-03	1.346159e-01	-1.346159e-01	-9.747320e-01
1.907464029035930e-03	1.226090e-01	-1.226090e-01	-8.892229e-01
1.917927198678787e-03	1.101560e-01	-1.101560e-01	-8.004806e-01
1.928390368321644e-03	9.725668e-02	-9.725668e-02	-7.085050e-01
1.938853537964501e-03	8.391118e-02	-8.391118e-02	-6.132963e-01
1.949316707607357e-03	7.011946e-02	-7.011946e-02	-5.148544e-01
1.959779877250214e-03	5.588154e-02	-5.588154e-02	-4.131792e-01
1.965360234393072e-03	4.823739e-02	-4.823739e-02	-3.585708e-01
1.970940591535928e-03	4.055768e-02	-4.055768e-02	-3.036950e-01
1.976520948678786e-03	3.284240e-02	-3.284240e-02	-2.485517e-01
1.982101305821642e-03	2.509156e-02	-2.509156e-02	-1.931410e-01
1.987681662964500e-03	1.730515e-02	-1.730515e-02	-1.374629e-01
1.993262020107356e-03	9.483168e-03	-9.483168e-03	-8.151743e-02
1.998842377250214e-03	1.625626e-03	-1.625626e-03	-2.530451e-02
2.013490814750213e-03	-1.892236e-02	1.892236e-02	1.217584e-01
2.021163805821641e-03	-2.969347e-02	2.969347e-02	1.988842e-01
2.028836796893070e-03	-4.033465e-02	4.033465e-02	2.751041e-01
2.036509787964498e-03	-5.084589e-02	5.084589e-02	3.504183e-01
2.044182779035927e-03	-6.122721e-02	6.122721e-02	4.248266e-01
2.051855770107355e-03	-7.147859e-02	7.147859e-02	4.983290e-01
2.059528761178784e-03	-8.160005e-02	8.160005e-02	5.709257e-01
2.067201752250212e-03	-9.159157e-02	9.159157e-02	6.426165e-01
2.080455100464498e-03	-1.084818e-01	1.084818e-01	7.638747e-01
2.093708448678783e-03	-1.243656e-01	1.243656e-01	8.779872e-01
2.106961796893069e-03	-1.392430e-01	1.392430e-01	9.849540e-01
2.120215145107354e-03	-1.531140e-01	1.531140e-01	1.084775e+00
2.133468493321639e-03	-1.659786e-01	1.659786e-01	1.177451e+00
2.146721841535925e-03	-1.778368e-01	1.778368e-01	1.262980e+00
2.159975189750210e-03	-1.886886e-01	1.886886e-01	1.341365e+00
2.178111350464495e-03	-2.012625e-01	2.012625e-01	1.432428e+00
2.196247511178781e-03	-2.110175e-01	2.110175e-01	1.503346e+00
2.214383671893066e-03	-2.179538e-01	2.179538e-01	1.554117e+00
2.232519832607351e-03	-2.220712e-01	2.220712e-01	1.584741e+00
2.250655993321637e-03	-2.233698e-01	2.233698e-01	1.595219e+00
2.268792154035922e-03	-2.218497e-01	2.218497e-01	1.585551e+00
2.286928314750207e-03	-2.175107e-01	2.175107e-01	1.555736e+00
2.302971841535921e-03	-2.109430e-01	2.109430e-01	1.509795e+00
2.319015368321635e-03	-2.025041e-01	2.025041e-01	1.450406e+00
2.335058895107349e-03	-1.921938e-01	1.921938e-01	1.377568e+00
2.351102421893063e-03	-1.800123e-01	1.800123e-01	1.291283e+00
2.367145948678777e-03	-1.659594e-01	1.659594e-01	1.191549e+00
2.383189475464491e-03	-1.500353e-01	1.500353e-01	1.078366e+00
2.399233002250205e-03	-1.322399e-01	1.322399e-01	9.517354e-01
2.408998627250205e-03	-1.208261e-01	1.208261e-01	8.704406e-01
2.418764252250205e-03	-1.090720e-01	1.090720e-01	7.866740e-01
2.428529877250204e-03	-9.697755e-02	9.697755e-02	7.004355e-01
2.438295502250204e-03	-8.454271e-02	8.454271e-02	6.117252e-01
2.448061127250204e-03	-7.176748e-02	7.176748e-02	5.205431e-01
2.457826752250204e-03	-5.865189e-02	5.865189e-02	4.268892e-01
2.467592377250204e-03	-4.519592e-02	4.519592e-02	3.307634e-01
2.471777645107346e-03	-3.941497e-02	3.941497e-02	2.894527e-01
2.475962912964489e-03	-3.361682e-02	3.361682e-02	2.480117e-01
2.480148180821632e-03	-2.780147e-02	2.780147e-02	2.064404e-01
2.484333448678775e-03	-2.196893e-02	2.196893e-02	1.647388e-01
2.488518716535917e-03	-1.611919e-02	1.611919e-02	1.229068e-01
2.492703984393060e-03	-1.025225e-02	1.025225e-02	8.094442e-02
2.496889252250203e-03	-4.368120e-03	4.368120e-03	3.885173e-02
2.511537689750203e-03	1.618810e-02	-1.618810e-02	-1.082570e-01
2.519210680821631e-03	2.697293e-02	-2.697293e-02	-1.854742e-01
2.526883671893060e-03	3.763401e-02	-3.763401e-02	-2.618298e-01
2.534556662964488e-03	4.817131e-02	-4.817131e-02	-3.373238e-01
2.542229654035916e-03	5.858485e-02	-5.858485e-02	-4.119560e-01
2.549902645107344e-03	6.887463e-02	-6.887463e-02	-4.857267e-01
2.557575636178773e-03	7.904063e-02	-7.904063e-02	-5.586357e-01
2.565248627250201e-03	8.908287e-02	-8.908287e-02	-6.306830e-01
2.578501975464487e-03	1.060764e-01	-1.060764e-01	-7.526699e-01
2.591755323678772e-03	1.220779e-01	-1.220779e-01	-8.676142e-01
2.605008671893058e-03	1.370873e-01	-1.370873e-01	-9.755160e-01
2.618262020107343e-03	1.511047e-01	-1.511047e-01	-1.076375e+00
2.631515368321628e-03	1.641300e-01	-1.641300e-01	-1.170192e+00
2.644768716535914e-03	1.761633e-01	-1.761633e-01	-1.256967e+00
2.658022064750199e-03	1.872045e-01	-1.872045e-01	-1.336698e+00
2.676158225464485e-03	2.000600e-01	-2.000600e-01	-1.429769e+00
2.694294386178770e-03	2.101027e-01	-2.101027e-01	-1.502738e+00
2.712430546893056e-03	2.173327e-01	-2.173327e-01	-1.555605e+00
2.730566707607341e-03	2.217499e-01	-2.217499e-01	-1.588371e+00
2.748702868321626e-03	2.233544e-01	-2.233544e-01	-1.601035e+00
2.766839029035911e-03	2.221461e-01	-2.221461e-01	-1.593598e+00
2.784975189750197e-03	2.181250e-01	-2.181250e-01	-1.566058e+00
2.801018716535911e-03	2.118292e-01	-2.118292e-01	-1.522066e+00
2.817062243321625e-03	2.036471e-01	-2.036471e-01	-1.464518e+00
2.833105770107338e-03	1.935786e-01	-1.935786e-01	-1.393415e+00
2.849149296893053e-03	1.816237e-01	-1.816237e-01	-1.308757e+00
2.865192823678767e-03	1.677825e-01	-1.677825e-01	-1.210545e+00
2.881236350464480e-03	1.520549e-01	-1.520549e-01	-1.098777e+00
2.897279877250194e-03	1.344410e-01	-1.344410e-01	-9.734540e-01
2.907045502250194e-03	1.231242e-01	-1.231242e-01	-8.928584e-01
2.916811127250194e-03	1.114576e-01	-1.114576e-01	-8.097242e-01
2.926576752250194e-03	9.944125e-02	-9.944125e-02	-7.240513e-01
2.936342377250194e-03	8.707519e-02	-8.707519e-02	-6.358398e-01
2.946108002250193e-03	7.435938e-02	-7.435938e-02	-5.450895e-01
2.955873627250193e-03	6.129383e-02	-6.129383e-02	-4.518006e-01
2.965639252250193e-03	4.787854e-02	-4.787854e-02	-3.559731e-01
2.970522064750193e-03	4.114335e-02	-4.114335e-02	-3.078465e-01
2.975404877250193e-03	3.438540e-02	-3.438540e-02	-2.595471e-01
2.980287689750193e-03	2.760469e-02	-2.760469e-02	-2.110749e-01
2.985170502250192e-03	2.080122e-02	-2.080122e-02	-1.624300e-01
2.990053314750192e-03	1.397499e-02	-1.397499e-02	-1.136122e-01
2.994936127250192e-03	7.126007e-03	-7.126007e-03	-6.462175e-02
2.999818939750192e-03	2.542614e-04	-2.542614e-04	-1.545848e-02
3.014467377250192e-03	-2.028845e-02	2.028845e-02	1.315726e-01
3.022140368321620e-03	-3.105209e-02	3.105209e-02	2.086481e-01
3.029813359393049e-03	-4.168271e-02	4.168271e-02	2.847957e-01
3.037486350464477e-03	-5.218034e-02	5.218034e-02	3.600154e-01
3.045159341535905e-03	-6.254496e-02	6.254496e-02	4.343072e-01
3.052832332607334e-03	-7.277657e-02	7.277657e-02	5.076712e-01
3.060505323678762e-03	-8.287518e-02	8.287518e-02	5.801074e-01
3.068178314750191e-03	-9.284078e-02	9.284078e-02	6.516156e-01
3.081431662964476e-03	-1.096784e-01	1.096784e-01	7.725022e-01
3.094685011178762e-03	-1.255024e-01	1.255024e-01	8.861918e-01
3.107938359393047e-03	-1.403130e-01	1.403130e-01	9.926846e-01
3.121191707607332e-03	-1.541100e-01	1.541100e-01	1.091981e+00
3.134445055821618e-03	-1.668935e-01	1.668935e-01	1.184080e+00
3.147698404035903e-03	-1.786635e-01	1.786635e-01	1.268982e+00
3.160951752250189e-03	-1.894201e-01	1.894201e-01	1.346687e+00
3.179087912964474e-03	-2.018524e-01	2.018524e-01	1.436742e+00
3.197224073678760e-03	-2.114630e-01	2.114630e-01	1.506629e+00
3.215360234393045e-03	-2.182520e-01	2.182520e-01	1.556348e+00
3.233496395107330e-03	-2.222193e-01	2.222193e-01	1.585899e+00
3.251632555821615e-03	-2.233649e-01	2.233649e-01	1.595283e+00
3.269768716535901e-03	-2.216889e-01	2.216889e-01	1.584499e+00
3.287904877250186e-03	-2.171912e-01	2.171912e-01	1.553547e+00
3.303948404035900e-03	-2.104880e-01	2.104880e-01	1.506634e+00
3.319991930821614e-03	-2.019211e-01	2.019211e-01	1.446328e+00
3.336035457607328e-03	-1.914906e-01	1.914906e-01	1.372626e+00
3.352078984393042e-03	-1.791963e-01	1.791963e-01	1.285531e+00
3.368122511178756e-03	-1.650385e-01	1.650385e-01	1.185041e+00
3.384166037964470e-03	-1.490170e-01	1.490170e-01	1.071157e+00
3.400209564750184e-03	-1.311318e-01	1.311318e-01	9.438794e-01
3.409975189750183e-03	-1.196703e-01	1.196703e-01	8.622392e-01
3.419740814750183e-03	-1.078731e-01	1.078731e-01	7.781607e-01
3.429506439750183e-03	-9.574020e-02	9.574020e-02	6.916440e-01
3.439272064750183e-03	-8.327167e-02	8.327167e-02	6.026890e-01
3.449037689750183e-03	-7.046746e-02	7.046746e-02	5.112957e-01
3.458803314750182e-03	-5.732758e-02	5.732758e-02	4.174642e-01
3.468568939750182e-03	-4.385203e-02	4.385203e-02	3.211944e-01
3.472754207607325e-03	-3.806435e-02	3.806435e-02	2.798339e-01
3.476939475464468e-03	-3.226042e-02	3.226042e-02	2.383498e-01
3.481124743321610e-03	-2.644023e-02	2.644023e-02	1.967422e-01
3.485310011178753e-03	-2.060379e-02	2.060379e-02	1.550109e-01
3.489495279035896e-03	-1.475109e-02	1.475109e-02	1.131560e-01
3.493680546893039e-03	-8.882136e-03	8.882136e-03	7.117755e-02
3.497865814750182e-03	-2.996929e-03	2.996929e-03	2.907546e-02
3.512514252250181e-03	1.755556e-02	-1.755556e-02	-1.180126e-01
3.520187243321610e-03	2.833373e-02	-2.833373e-02	-1.951853e-01
3.527860234393038e-03	3.898506e-02	-3.898506e-02	-2.714743e-01
3.535533225464467e-03	4.950953e-02	-4.950953e-02	-3.468795e-01
3.543206216535895e-03	5.990716e-02	-5.990716e-02	-4.214009e-01
3.550879207607323e-03	7.017793e-02	-7.017793e-02	-4.950386e-01
3.558552198678752e-03	8.032186e-02	-8.032186e-02	-5.677925e-01
3.566225189750180e-03	9.033893e-02	-9.033893e-02	-6.396627e-01
3.579478537964466e-03	1.072811e-01	-1.072811e-01	-7.612871e-01
3.592731886178751e-03	1.232241e-01	-1.232241e-01	-8.758173e-01
3.605985234393037e-03	1.381677e-01	-1.381677e-01	-9.832532e-01
3.619238582607322e-03	1.521122e-01	-1.521122e-01	-1.083595e+00
3.632491930821607e-03	1.650574e-01	-1.650574e-01	-1.176842e+00
3.645745279035893e-03	1.770034e-01	-1.770034e-01	-1.262996e+00
3.658998627250178e-03	1.879501e-01	-1.879501e-01	-1.342054e+00
3.677134787964464e-03	2.006650e-01	-2.006650e-01	-1.434123e+00
3.695270948678749e-03	2.105641e-01	-2.105641e-01	-1.506067e+00
3.713407109393034e-03	2.176473e-01	-2.176473e-01	-1.557886e+00
3.731543270107319e-03	2.219147e-01	-2.219147e-01	-1.589581e+00
3.749679430821605e-03	2.233663e-01	-2.233663e-01	-1.601152e+00
3.767815591535890e-03	2.220020e-01	-2.220020e-01	-1.592598e+00
3.785951752250175e-03	2.178219e-01	-2.178219e-01	-1.563920e+00
3.801995279035889e-03	2.113901e-01	-2.113901e-01	-1.518952e+00
3.818038805821603e-03	2.030794e-01	-2.030794e-01	-1.460482e+00
3.834082332607317e-03	1.928898e-01	-1.928898e-01	-1.388510e+00
3.850125859393031e-03	1.808214e-01	-1.808214e-01	-1.303036e+00
3.866169386178745e-03	1.668741e-01	-1.668741e-01	-1.204060e+00
3.882212912964459e-03	1.510479e-01	-1.510479e-01	-1.091582e+00
3.898256439750173e-03	1.333429e-01	-1.333429e-01	-9.656027e-01
3.908022064750173e-03	1.219774e-01	-1.219774e-01	-8.846557e-01
3.917787689750173e-03	1.102669e-01	-1.102669e-01	-8.012033e-01
3.927553314750172e-03	9.821125e-02	-9.821125e-02	-7.152457e-01
3.937318939750172e-03	8.581056e-02	-8.581056e-02	-6.267828e-01
3.947084564750172e-03	7.306481e-02	-7.306481e-02	-5.358146e-01
3.956850189750172e-03	5.997399e-02	-5.997399e-02	-4.423410e-01
3.966615814750172e-03	4.653811e-02	-4.653811e-02	-3.463622e-01
3.970801082607315e-03	4.076410e-02	-4.076410e-02	-3.051027e-01
3.974986350464457e-03	3.497195e-02	-3.497195e-02	-2.637061e-01
3.979171618321600e-03	2.916167e-02	-2.916167e-02	-2.221724e-01
3.983356886178743e-03	2.333324e-02	-2.333324e-02	-1.805016e-01
3.987542154035886e-03	1.748668e-02	-1.748668e-02	-1.386938e-01
3.991727421893028e-03	1.162198e-02	-1.162198e-02	-9.674887e-02
3.995912689750171e-03	5.739146e-03	-5.739146e-03	-5.466690e-02
4.010561127250171e-03	-1.482002e-02	1.482002e-02	9.245797e-02
4.018234118321599e-03	-2.561112e-02	2.561112e-02	1.697173e-01
4.025907109393027e-03	-3.628154e-02	3.628154e-02	2.461372e-01
4.033580100464455e-03	-4.683128e-02	4.683128e-02	3.217175e-01
4.041253091535885e-03	-5.726034e-02	5.726034e-02	3.964584e-01
4.048926082607313e-03	-6.756873e-02	6.756873e-02	4.703597e-01
4.056599073678741e-03	-7.775644e-02	7.775644e-02	5.434215e-01
4.064272064750169e-03	-8.782347e-02	8.782347e-02	6.156438e-01
4.076827868321598e-03	-1.039654e-01	1.039654e-01	7.315101e-01
4.089383671893026e-03	-1.192391e-01	1.192391e-01	8.412149e-01
4.101939475464454e-03	-1.336446e-01	1.336446e-01	9.447582e-01
4.114495279035883e-03	-1.471817e-01	1.471817e-01	1.042140e+00
4.127051082607311e-03	-1.598506e-01	1.598506e-01	1.133360e+00
4.139606886178739e-03	-1.716513e-01	1.716513e-01	1.218419e+00
4.152162689750168e-03	-1.825837e-01	1.825837e-01	1.297316e+00
4.170298850464453e-03	-1.962724e-01	1.962724e-01	1.396327e+00
4.188435011178738e-03	-2.071691e-01	2.071691e-01	1.475388e+00
4.206571171893023e-03	-2.152736e-01	2.152736e-01	1.534501e+00
4.224707332607309e-03	-2.205860e-01	2.205860e-01	1.573665e+00
4.242843493321594e-03	-2.231063e-01	2.231063e-01	1.592879e+00
4.260979654035880e-03	-2.228344e-01	2.228344e-01	1.592145e+00
4.279115814750165e-03	-2.197705e-01	2.197705e-01	1.571461e+00
4.295856886178736e-03	-2.139758e-01	2.139758e-01	1.531113e+00
4.312597957607307e-03	-2.061015e-01	2.061015e-01	1.475824e+00
4.329339029035878e-03	-1.961474e-01	1.961474e-01	1.405593e+00
4.346080100464449e-03	-1.841136e-01	1.841136e-01	1.320421e+00
4.362821171893020e-03	-1.700001e-01	1.700001e-01	1.220307e+00
4.379562243321591e-03	-1.538069e-01	1.538069e-01	1.105252e+00
4.396303314750162e-03	-1.355340e-01	1.355340e-01	9.752554e-01
4.406068939750162e-03	-1.242662e-01	1.242662e-01	8.950149e-01
4.415834564750162e-03	-1.126441e-01	1.126441e-01	8.122026e-01
4.425600189750162e-03	-1.006675e-01	1.006675e-01	7.268183e-01
4.435365814750162e-03	-8.833653e-02	8.833653e-02	6.388621e-01
4.445131439750161e-03	-7.565115e-02	7.565115e-02	5.483339e-01
4.454897064750161e-03	-6.261137e-02	6.261137e-02	4.552338e-01
4.464662689750161e-03	-4.921718e-02	4.921718e-02	3.595618e-01
4.469545502250161e-03	-4.249051e-02	4.249051e-02	3.114985e-01
4.474428314750161e-03	-3.573979e-02	3.573979e-02	2.632532e-01
4.479311127250161e-03	-2.896504e-02	2.896504e-02	2.148259e-01
4.484193939750161e-03	-2.216625e-02	2.216625e-02	1.662168e-01
4.489076752250160e-03	-1.534341e-02	1.534341e-02	1.174256e-01
4.493959564750160e-03	-8.496539e-03	8.496539e-03	6.845259e-02
4.498842377250160e-03	-1.625626e-03	1.625626e-03	1.929760e-02
4.513490814750160e-03	1.892236e-02	-1.892236e-02	-1.277643e-01
4.521163805821588e-03	2.969347e-02	-2.969347e-02	-2.048896e-01
4.528836796893016e-03	4.033465e-02	-4.033465e-02	-2.811090e-01
4.536509787964445e-03	5.084589e-02	-5.084589e-02	-3.564226e-01
4.544182779035874e-03	6.122721e-02	-6.122721e-02	-4.308304e-01
4.551855770107302e-03	7.147859e-02	-7.147859e-02	-5.043324e-01
4.559528761178730e-03	8.160005e-02	-8.160005e-02	-5.769285e-01
4.567201752250159e-03	9.159157e-02	-9.159157e-02	-6.486188e-01
4.580455100464444e-03	1.084818e-01	-1.084818e-01	-7.698761e-01
4.593708448678730e-03	1.243656e-01	-1.243656e-01	-8.839877e-01
4.606961796893015e-03	1.392430e-01	-1.392430e-01	-9.909537e-01
4.620215145107301e-03	1.531140e-01	-1.531140e-01	-1.090774e+00
4.633468493321586e-03	1.659786e-01	-1.659786e-01	-1.183448e+00
4.646721841535872e-03	1.778368e-01	-1.778368e-01	-1.268977e+00
4.659975189750157e-03	1.886886e-01	-1.886886e-01	-1.347360e+00
4.678111350464442e-03	2.012625e-01	-2.012625e-01	-1.438423e+00
4.696247511178728e-03	2.110175e-01	-2.110175e-01	-1.509339e+00
4.714383671893013e-03	2.179538e-01	-2.179538e-01	-1.560109e+00
4.732519832607298e-03	2.220712e-01	-2.220712e-01	-1.590732e+00
4.750655993321583e-03	2.233698e-01	-2.233698e-01	-1.601209e+00
4.768792154035869e-03	2.218497e-01	-2.218497e-01	-1.591539e+00
4.786928314750154e-03	2.175107e-01	-2.175107e-01	-1.561723e+00
4.800181662964439e-03	2.123323e-01	-2.123323e-01	-1.525536e+00
4.813435011178725e-03	2.058225e-01	-2.058225e-01	-1.479785e+00
4.826688359393010e-03	1.979812e-01	-1.979812e-01	-1.424471e+00
4.839941707607296e-03	1.888084e-01	-1.888084e-01	-1.359594e+00
4.853195055821581e-03	1.783042e-01	-1.783042e-01	-1.285153e+00
4.866448404035867e-03	1.664685e-01	-1.664685e-01	-1.201148e+00
4.879701752250152e-03	1.533013e-01	-1.533013e-01	-1.107580e+00
4.890862466535867e-03	1.413646e-01	-1.413646e-01	-1.022667e+00
4.902023180821580e-03	1.288940e-01	-1.288940e-01	-9.338882e-01
4.913183895107294e-03	1.158895e-01	-1.158895e-01	-8.412443e-01
4.924344609393008e-03	1.023511e-01	-1.023511e-01	-7.447352e-01
4.935505323678722e-03	8.827892e-02	-8.827892e-02	-6.443608e-01
4.946666037964436e-03	7.367285e-02	-7.367285e-02	-5.401211e-01
4.957826752250150e-03	5.853291e-02	-5.853291e-02	-4.320163e-01
4.963407109393007e-03	5.091179e-02	-5.091179e-02	-3.775771e-01
4.968987466535865e-03	4.325176e-02	-4.325176e-02	-3.228466e-01
4.974567823678722e-03	3.555284e-02	-3.555284e-02	-2.678248e-01
4.980148180821578e-03	2.781501e-02	-2.781501e-02	-2.125118e-01
4.985728537964435e-03	2.003828e-02	-2.003828e-02	-1.569076e-01
4.991308895107293e-03	1.222265e-02	-1.222265e-02	-1.010120e-01
4.996889252250150e-03	4.368120e-03	-4.368120e-03	-4.482523e-02
5.000000000000000e-03	1.095111e-15	-2.737086e-16	-1.357179e-02
