time	V(cold)	V(hot)	V(n004)
0.000000000000000e+00	6.203873e-12	6.203817e-12	2.125987e-16
9.765625114122045e-11	1.253575e-11	-6.489898e-09	-1.065196e-06
1.953125022824409e-10	3.147793e-11	-1.944249e-08	-2.130392e-06
3.906250045648818e-10	1.070486e-10	-5.818189e-08	-4.260785e-06
7.812500091297636e-10	6.314309e-10	-2.117325e-07	-8.521570e-06
1.562500018259527e-09	4.598084e-09	-8.140088e-07	-1.704314e-05
3.125000036519054e-09	3.481312e-08	-3.130205e-06	-3.408628e-05
6.250000073038109e-09	2.580406e-07	-1.171227e-05	-6.817256e-05
1.250000014607622e-08	1.802117e-06	-4.143389e-05	-1.363451e-04
2.500000029215244e-08	1.134928e-05	-1.334028e-04	-2.726902e-04
5.000000058430487e-08	6.137191e-05	-3.759024e-04	-5.453805e-04
7.553336986643862e-08	1.542375e-04	-6.507360e-04	-8.238885e-04
1.223467206101108e-07	4.112006e-04	-1.160813e-03	-1.334510e-03
1.793393116622000e-07	8.331544e-04	-1.782568e-03	-1.956163e-03
2.709177250951552e-07	1.656354e-03	-2.781418e-03	-2.955063e-03
3.882318668940180e-07	2.843655e-03	-4.061029e-03	-4.234678e-03
5.779429468747065e-07	4.871087e-03	-6.130260e-03	-6.303962e-03
2.584786681760490e-06	2.675340e-02	-2.801793e-02	-2.819260e-02
1.863953656084676e-05	2.013723e-01	-2.026300e-01	-2.028483e-01
3.817078656084676e-05	4.107842e-01	-4.120161e-01	-4.123721e-01
5.770203656084677e-05	6.139212e-01	-6.151086e-01	-6.156933e-01
7.723328656084676e-05	8.077279e-01	-8.088531e-01	-8.097540e-01
9.676453656084675e-05	9.892894e-01	-9.903354e-01	-9.916351e-01
1.162957865608467e-04	1.155875e+00	-1.156826e+00	-1.158601e+00
1.358270365608468e-04	1.304979e+00	-1.305820e+00	-1.308141e+00
1.553582865608468e-04	1.434358e+00	-1.435078e+00	-1.438005e+00
1.748895365608468e-04	1.542068e+00	-1.542655e+00	-1.546240e+00
1.944207865608468e-04	1.626487e+00	-1.626933e+00	-1.631218e+00
2.139520365608468e-04	1.686346e+00	-1.686644e+00	-1.691661e+00
2.334832865608468e-04	1.720745e+00	-1.720890e+00	-1.726660e+00
2.530145365608468e-04	1.729167e+00	-1.729157e+00	-1.735689e+00
2.725457865608469e-04	1.711485e+00	-1.711320e+00	-1.718611e+00
2.920770365608469e-04	1.667964e+00	-1.667647e+00	-1.675683e+00
3.116082865608469e-04	1.599260e+00	-1.598795e+00	-1.607552e+00
3.311395365608469e-04	1.506405e+00	-1.505800e+00	-1.515241e+00
3.506707865608469e-04	1.390797e+00	-1.390061e+00	-1.400140e+00
3.702020365608469e-04	1.254175e+00	-1.253318e+00	-1.263980e+00
3.897332865608470e-04	1.098593e+00	-1.097629e+00	-1.108808e+00
4.092645365608470e-04	9.263918e-01	-9.253344e-01	-9.369587e-01
4.287957865608470e-04	7.401610e-01	-7.390267e-01	-7.510166e-01
4.483270365608470e-04	5.427021e-01	-5.415077e-01	-5.537785e-01
4.678582865608470e-04	3.369849e-01	-3.357485e-01	-3.482110e-01
4.873895365608470e-04	1.261037e-01	-1.248439e-01	-1.374061e-01
5.069207865608471e-04	-8.676956e-02	8.803379e-02	7.546545e-02
5.264520365608471e-04	-2.984331e-01	2.996827e-01	2.872020e-01
5.459832865608471e-04	-5.057032e-01	5.069195e-01	4.946187e-01
5.655145365608471e-04	-7.054623e-01	7.066270e-01	6.945959e-01
5.850457865608471e-04	-8.947058e-01	8.958014e-01	8.841257e-01
6.045770365608471e-04	-1.070587e+00	1.071597e+00	1.060357e+00
6.241082865608472e-04	-1.230461e+00	1.231370e+00	1.220641e+00
6.436395365608472e-04	-1.371923e+00	1.372718e+00	1.362564e+00
6.631707865608472e-04	-1.492845e+00	1.493513e+00	1.483993e+00
6.827020365608472e-04	-1.591408e+00	1.591940e+00	1.583102e+00
7.022332865608472e-04	-1.666130e+00	1.666517e+00	1.658399e+00
7.217645365608472e-04	-1.715886e+00	1.716123e+00	1.708752e+00
7.412957865608473e-04	-1.739929e+00	1.740012e+00	1.733404e+00
7.608270365608473e-04	-1.737897e+00	1.737825e+00	1.731985e+00
7.803582865608473e-04	-1.709820e+00	1.709594e+00	1.704514e+00
7.998895365608473e-04	-1.656120e+00	1.655743e+00	1.651406e+00
8.194207865608473e-04	-1.577606e+00	1.577084e+00	1.573459e+00
8.389520365608474e-04	-1.475457e+00	1.474798e+00	1.471846e+00
8.584832865608474e-04	-1.351211e+00	1.350425e+00	1.348095e+00
8.780145365608474e-04	-1.206736e+00	1.205835e+00	1.204068e+00
8.975457865608474e-04	-1.044205e+00	1.043202e+00	1.041930e+00
9.170770365608474e-04	-8.660629e-01	8.649729e-01	8.641207e-01
9.366082865608474e-04	-6.749888e-01	6.738285e-01	6.733140e-01
9.561395365608475e-04	-4.738567e-01	4.726435e-01	4.723802e-01
9.756707865608475e-04	-2.656917e-01	2.644438e-01	2.643412e-01
9.952020365608474e-04	-5.362482e-02	5.236111e-02	5.232638e-02
1.014733286560847e-03	1.591543e-01	-1.604149e-01	-1.604755e-01
1.034264536560847e-03	3.694454e-01	-3.706838e-01	-3.708637e-01
1.053795786560847e-03	5.740854e-01	-5.752831e-01	-5.756738e-01
1.073327036560847e-03	7.699964e-01	-7.711354e-01	-7.718251e-01
1.092858286560847e-03	9.542319e-01	-9.552949e-01	-9.563676e-01
1.112389536560847e-03	1.124021e+00	-1.124992e+00	-1.126525e+00
1.131920786560848e-03	1.276809e+00	-1.277674e+00	-1.279739e+00
1.151452036560848e-03	1.410299e+00	-1.411044e+00	-1.413704e+00
1.170983286560848e-03	1.522483e+00	-1.523097e+00	-1.526406e+00
1.190514536560848e-03	1.611673e+00	-1.612148e+00	-1.616150e+00
1.210045786560848e-03	1.676528e+00	-1.676856e+00	-1.681584e+00
1.229577036560848e-03	1.716073e+00	-1.716249e+00	-1.721727e+00
1.249108286560848e-03	1.729713e+00	-1.729734e+00	-1.735973e+00
1.268639536560848e-03	1.717243e+00	-1.717108e+00	-1.724108e+00
1.288170786560848e-03	1.678850e+00	-1.678562e+00	-1.686311e+00
1.307702036560848e-03	1.615111e+00	-1.614676e+00	-1.623151e+00
1.327233286560848e-03	1.526986e+00	-1.526409e+00	-1.535576e+00
1.346764536560848e-03	1.415801e+00	-1.415090e+00	-1.424906e+00
1.366295786560848e-03	1.283227e+00	-1.282393e+00	-1.292803e+00
1.385827036560848e-03	1.131258e+00	-1.130314e+00	-1.141255e+00
1.405358286560848e-03	9.621806e-01	-9.611406e-01	-9.725420e-01
1.424889536560848e-03	7.785378e-01	-7.774174e-01	-7.892009e-01
1.444420786560848e-03	5.830915e-01	-5.819077e-01	-5.939894e-01
1.463952036560848e-03	3.787817e-01	-3.775523e-01	-3.898439e-01
1.483483286560848e-03	1.686813e-01	-1.674247e-01	-1.798347e-01
1.503014536560848e-03	-4.404947e-02	4.531433e-02	3.287942e-02
1.522545786560848e-03	-2.562110e-01	2.574651e-01	2.450990e-01
1.542077036560848e-03	-4.646120e-01	4.658365e-01	4.536320e-01
1.561608286560848e-03	-6.661180e-01	6.672945e-01	6.553420e-01
1.581139536560848e-03	-8.576981e-01	8.588089e-01	8.471950e-01
1.600670786560848e-03	-1.036471e+00	1.037499e+00	1.026305e+00
1.620202036560848e-03	-1.199747e+00	1.200677e+00	1.189979e+00
1.639733286560848e-03	-1.345071e+00	1.345889e+00	1.335755e+00
1.659264536560848e-03	-1.470257e+00	1.470951e+00	1.461439e+00
1.678795786560848e-03	-1.573421e+00	1.573981e+00	1.565142e+00
1.698327036560848e-03	-1.653013e+00	1.653430e+00	1.645304e+00
1.717858286560848e-03	-1.707835e+00	1.708102e+00	1.700719e+00
1.737389536560848e-03	-1.737062e+00	1.737176e+00	1.730554e+00
1.756920786560848e-03	-1.740255e+00	1.740214e+00	1.734359e+00
1.776452036560848e-03	-1.717365e+00	1.717170e+00	1.712078e+00
1.795983286560848e-03	-1.668738e+00	1.668391e+00	1.664046e+00
1.815514536560848e-03	-1.595104e+00	1.594610e+00	1.590985e+00
1.835045786560848e-03	-1.497570e+00	1.496938e+00	1.493994e+00
1.854577036560848e-03	-1.377604e+00	1.376843e+00	1.374532e+00
1.874108286560848e-03	-1.237011e+00	1.236131e+00	1.234396e+00
1.893639536560848e-03	-1.077904e+00	1.076919e+00	1.075693e+00
1.913170786560848e-03	-9.026763e-01	9.016023e-01	9.008110e-01
1.932702036560848e-03	-7.139643e-01	7.128167e-01	7.123799e-01
1.952233286560848e-03	-5.146061e-01	5.134019e-01	5.132339e-01
1.971764536560848e-03	-3.075999e-01	3.063575e-01	3.063684e-01
1.991295786560847e-03	-9.605951e-02	9.479744e-02	9.489484e-02
2.001061411560847e-03	1.041813e-02	-1.168293e-02	-1.157738e-02
2.020592661560847e-03	2.227860e-01	-2.240420e-01	-2.239905e-01
2.040123911560846e-03	4.317109e-01	-4.329391e-01	-4.330346e-01
2.059655161560846e-03	6.340502e-01	-6.352322e-01	-6.355655e-01
2.079186411560846e-03	8.267608e-01	-8.278787e-01	-8.285369e-01
2.098717661560845e-03	1.006944e+00	-1.007981e+00	-1.009046e+00
2.118248911560845e-03	1.171890e+00	-1.172831e+00	-1.174379e+00
2.137780161560844e-03	1.319117e+00	-1.319948e+00	-1.322047e+00
2.157311411560844e-03	1.446412e+00	-1.447119e+00	-1.449831e+00
2.176842661560843e-03	1.551860e+00	-1.552433e+00	-1.555808e+00
2.196373911560843e-03	1.633874e+00	-1.634305e+00	-1.638384e+00
2.215905161560843e-03	1.691222e+00	-1.691504e+00	-1.696318e+00
2.235436411560842e-03	1.723040e+00	-1.723169e+00	-1.728737e+00
2.254967661560842e-03	1.728850e+00	-1.728824e+00	-1.735154e+00
2.274498911560841e-03	1.708565e+00	-1.708385e+00	-1.715474e+00
2.294030161560841e-03	1.662490e+00	-1.662158e+00	-1.669990e+00
2.313561411560841e-03	1.591318e+00	-1.590839e+00	-1.599389e+00
2.333092661560840e-03	1.496120e+00	-1.495501e+00	-1.504731e+00
2.352623911560840e-03	1.378327e+00	-1.377577e+00	-1.387441e+00
2.372155161560839e-03	1.239711e+00	-1.238842e+00	-1.249282e+00
2.391686411560839e-03	1.082357e+00	-1.081383e+00	-1.092333e+00
2.411217661560838e-03	9.086322e-01	-9.075664e-01	-9.189540e-01
2.430748911560838e-03	7.211494e-01	-7.200082e-01	-7.317533e-01
2.450280161560838e-03	5.227284e-01	-5.215290e-01	-5.335463e-01
2.469811411560837e-03	3.163538e-01	-3.151143e-01	-3.273143e-01
2.489342661560837e-03	1.051297e-01	-1.038687e-01	-1.161592e-01
2.499108286560837e-03	-1.309637e-03	2.574356e-03	-9.726412e-03
2.518639536560836e-03	-2.138413e-01	2.150991e-01	2.028483e-01
2.538170786560836e-03	-4.232478e-01	4.244797e-01	4.123721e-01
2.557702036560835e-03	-6.263793e-01	6.275668e-01	6.156933e-01
2.577233286560835e-03	-8.201806e-01	8.213058e-01	8.097540e-01
2.596764536560834e-03	-1.001737e+00	1.002783e+00	9.916351e-01
2.616295786560834e-03	-1.168317e+00	1.169268e+00	1.158601e+00
2.635827036560834e-03	-1.317415e+00	1.318257e+00	1.308141e+00
2.655358286560833e-03	-1.446789e+00	1.447509e+00	1.438005e+00
2.674889536560833e-03	-1.554493e+00	1.555081e+00	1.546240e+00
2.694420786560832e-03	-1.638907e+00	1.639353e+00	1.631218e+00
2.713952036560832e-03	-1.698761e+00	1.699059e+00	1.691661e+00
2.733483286560832e-03	-1.733155e+00	1.733300e+00	1.726660e+00
2.753014536560831e-03	-1.741571e+00	1.741561e+00	1.735689e+00
2.772545786560831e-03	-1.723883e+00	1.723718e+00	1.718611e+00
2.792077036560830e-03	-1.680357e+00	1.680040e+00	1.675683e+00
2.811608286560830e-03	-1.611647e+00	1.611183e+00	1.607552e+00
2.831139536560829e-03	-1.518788e+00	1.518183e+00	1.515241e+00
2.850670786560829e-03	-1.403175e+00	1.402438e+00	1.400140e+00
2.870202036560829e-03	-1.266547e+00	1.265690e+00	1.263980e+00
2.889733286560828e-03	-1.110959e+00	1.109995e+00	1.108808e+00
2.909264536560828e-03	-9.387526e-01	9.376954e-01	9.369587e-01
2.928795786560827e-03	-7.525164e-01	7.513822e-01	7.510166e-01
2.948327036560827e-03	-5.550522e-01	5.538579e-01	5.537785e-01
2.967858286560827e-03	-3.493296e-01	3.480933e-01	3.482110e-01
2.987389536560826e-03	-1.384431e-01	1.371834e-01	1.374061e-01
3.006920786560826e-03	7.443559e-02	-7.569971e-02	-7.546545e-02
3.026452036560825e-03	2.861045e-01	-2.873541e-01	-2.872020e-01
3.045983286560825e-03	4.933800e-01	-4.945962e-01	-4.946187e-01
3.065514536560825e-03	6.931444e-01	-6.943090e-01	-6.945959e-01
3.085045786560824e-03	8.823933e-01	-8.834887e-01	-8.841257e-01
3.104577036560824e-03	1.058280e+00	-1.059290e+00	-1.060357e+00
3.124108286560823e-03	1.218160e+00	-1.219069e+00	-1.220641e+00
3.143639536560823e-03	1.359627e+00	-1.360421e+00	-1.362564e+00
3.163170786560822e-03	1.480554e+00	-1.481222e+00	-1.483993e+00
3.182702036560822e-03	1.579122e+00	-1.579654e+00	-1.583102e+00
3.202233286560822e-03	1.653849e+00	-1.654236e+00	-1.658399e+00
3.221764536560821e-03	1.703611e+00	-1.703848e+00	-1.708752e+00
3.241295786560821e-03	1.727660e+00	-1.727743e+00	-1.733404e+00
3.260827036560820e-03	1.725633e+00	-1.725560e+00	-1.731985e+00
3.280358286560820e-03	1.697561e+00	-1.697335e+00	-1.704514e+00
3.299889536560820e-03	1.643866e+00	-1.643489e+00	-1.651406e+00
3.319420786560819e-03	1.565357e+00	-1.564835e+00	-1.573459e+00
3.338952036560819e-03	1.463214e+00	-1.462555e+00	-1.471846e+00
3.358483286560818e-03	1.338973e+00	-1.338187e+00	-1.348095e+00
3.378014536560818e-03	1.194504e+00	-1.193602e+00	-1.204068e+00
3.397545786560817e-03	1.031978e+00	-1.030975e+00	-1.041930e+00
3.417077036560817e-03	8.538412e-01	-8.527510e-01	-8.641207e-01
3.436608286560817e-03	6.627724e-01	-6.616119e-01	-6.733140e-01
3.456139536560816e-03	4.616456e-01	-4.604322e-01	-4.723802e-01
3.475670786560816e-03	2.534859e-01	-2.522379e-01	-2.643412e-01
3.495202036560815e-03	4.142435e-02	-4.016053e-02	-5.232638e-02
3.514733286560815e-03	-1.713495e-01	1.726101e-01	1.604755e-01
3.534264536560815e-03	-3.816352e-01	3.828738e-01	3.708637e-01
3.553795786560814e-03	-5.862699e-01	5.874677e-01	5.756738e-01
3.573327036560814e-03	-7.821757e-01	7.833147e-01	7.718251e-01
3.592858286560813e-03	-9.664058e-01	9.674690e-01	9.563676e-01
3.612389536560813e-03	-1.136189e+00	1.137161e+00	1.126525e+00
3.631920786560812e-03	-1.288972e+00	1.289837e+00	1.279739e+00
3.651452036560812e-03	-1.422457e+00	1.423202e+00	1.413704e+00
3.670983286560812e-03	-1.534636e+00	1.535250e+00	1.526406e+00
3.690514536560811e-03	-1.623821e+00	1.624295e+00	1.616150e+00
3.710045786560811e-03	-1.688671e+00	1.688998e+00	1.681584e+00
3.729577036560810e-03	-1.728210e+00	1.728386e+00	1.721727e+00
3.749108286560810e-03	-1.741845e+00	1.741866e+00	1.735973e+00
3.768639536560810e-03	-1.729369e+00	1.729235e+00	1.724108e+00
3.788170786560809e-03	-1.690971e+00	1.690684e+00	1.686311e+00
3.807702036560809e-03	-1.627227e+00	1.626791e+00	1.623151e+00
3.827233286560808e-03	-1.539097e+00	1.538519e+00	1.535576e+00
3.846764536560808e-03	-1.427906e+00	1.427195e+00	1.424906e+00
3.866295786560807e-03	-1.295327e+00	1.294493e+00	1.292803e+00
3.885827036560807e-03	-1.143353e+00	1.142409e+00	1.141255e+00
3.905358286560807e-03	-9.742700e-01	9.732302e-01	9.725420e-01
3.924889536560806e-03	-7.906219e-01	7.895017e-01	7.892009e-01
3.944420786560806e-03	-5.951704e-01	5.939868e-01	5.939894e-01
3.963952036560805e-03	-3.908554e-01	3.896261e-01	3.898439e-01
3.983483286560805e-03	-1.807498e-01	1.794933e-01	1.798347e-01
4.003014536560805e-03	3.198629e-02	-3.325104e-02	-3.287942e-02
4.022545786560804e-03	2.441530e-01	-2.454070e-01	-2.450990e-01
4.042077036560804e-03	4.525593e-01	-4.537837e-01	-4.536320e-01
4.061608286560803e-03	6.540706e-01	-6.552469e-01	-6.553420e-01
4.081139536560803e-03	8.456560e-01	-8.467666e-01	-8.471950e-01
4.100670786560802e-03	1.024434e+00	-1.025462e+00	-1.026305e+00
4.120202036560802e-03	1.187715e+00	-1.188645e+00	-1.189979e+00
4.139733286560802e-03	1.333044e+00	-1.333863e+00	-1.335755e+00
4.159264536560801e-03	1.458235e+00	-1.458930e+00	-1.461439e+00
4.178795786560801e-03	1.561405e+00	-1.561965e+00	-1.565142e+00
4.198327036560800e-03	1.641002e+00	-1.641419e+00	-1.645304e+00
4.217858286560800e-03	1.695829e+00	-1.696096e+00	-1.700719e+00
4.237389536560800e-03	1.725062e+00	-1.725175e+00	-1.730554e+00
4.256920786560799e-03	1.728260e+00	-1.728218e+00	-1.734359e+00
4.276452036560799e-03	1.705375e+00	-1.705180e+00	-1.712078e+00
4.295983286560798e-03	1.656753e+00	-1.656406e+00	-1.664046e+00
4.315514536560798e-03	1.583124e+00	-1.582631e+00	-1.590985e+00
4.335045786560797e-03	1.485596e+00	-1.484964e+00	-1.493994e+00
4.354577036560797e-03	1.365635e+00	-1.364874e+00	-1.374532e+00
4.374108286560797e-03	1.225047e+00	-1.224167e+00	-1.234396e+00
4.393639536560796e-03	1.065945e+00	-1.064961e+00	-1.075693e+00
4.413170786560796e-03	8.907229e-01	-8.896488e-01	-9.008110e-01
4.432702036560795e-03	7.020161e-01	-7.008684e-01	-7.123799e-01
4.452233286560795e-03	5.026630e-01	-5.014588e-01	-5.132339e-01
4.471764536560795e-03	2.956621e-01	-2.944196e-01	-3.063684e-01
4.491295786560794e-03	8.412689e-02	-8.286472e-02	-9.489484e-02
4.510827036560794e-03	-1.287609e-01	1.300237e-01	1.180060e-01
4.530358286560793e-03	-3.397993e-01	3.410437e-01	3.291320e-01
4.549889536560793e-03	-5.458139e-01	5.470213e-01	5.353075e-01
4.569420786560792e-03	-7.437060e-01	7.448583e-01	7.334314e-01
4.588952036560792e-03	-9.304993e-01	9.315789e-01	9.205239e-01
4.608483286560792e-03	-1.103384e+00	1.104375e+00	1.093771e+00
4.628014536560791e-03	-1.259760e+00	1.260647e+00	1.250566e+00
4.647545786560791e-03	-1.397275e+00	1.398045e+00	1.388552e+00
4.667077036560790e-03	-1.513860e+00	1.514502e+00	1.505653e+00
4.686608286560790e-03	-1.607762e+00	1.608266e+00	1.600108e+00
4.706139536560790e-03	-1.677570e+00	1.677927e+00	1.670495e+00
4.725670786560789e-03	-1.722231e+00	1.722438e+00	1.715756e+00
4.745202036560789e-03	-1.741076e+00	1.741128e+00	1.735211e+00
4.764733286560788e-03	-1.733820e+00	1.733717e+00	1.728567e+00
4.784264536560788e-03	-1.700572e+00	1.700315e+00	1.695923e+00
4.803795786560787e-03	-1.641833e+00	1.641427e+00	1.637772e+00
4.823327036560787e-03	-1.558486e+00	1.557936e+00	1.554986e+00
4.842858286560787e-03	-1.451784e+00	1.451099e+00	1.448812e+00
4.862389536560786e-03	-1.323333e+00	1.322522e+00	1.320847e+00
4.881920786560786e-03	-1.175064e+00	1.174141e+00	1.173015e+00
4.901452036560785e-03	-1.009207e+00	1.008185e+00	1.007540e+00
4.920983286560785e-03	-8.282576e-01	8.271521e-01	8.269098e-01
4.940514536560785e-03	-6.349367e-01	6.337643e-01	6.338426e-01
4.960045786560784e-03	-4.321522e-01	4.309305e-01	4.312419e-01
4.979577036560784e-03	-2.229540e-01	2.217014e-01	2.221549e-01
4.999108286560783e-03	-1.048869e-02	9.224070e-03	9.726412e-03
5.018639536560783e-03	2.020481e-01	-2.033058e-01	-2.028483e-01
5.038170786560782e-03	4.114597e-01	-4.126915e-01	-4.123721e-01
5.057702036560782e-03	6.145964e-01	-6.157838e-01	-6.156933e-01
5.077233286560782e-03	8.084028e-01	-8.095279e-01	-8.097540e-01
5.096764536560781e-03	9.899640e-01	-9.910100e-01	-9.916351e-01
5.116295786560781e-03	1.156549e+00	-1.157500e+00	-1.158601e+00
5.135827036560780e-03	1.305653e+00	-1.306494e+00	-1.308141e+00
5.155358286560780e-03	1.435032e+00	-1.435752e+00	-1.438005e+00
5.174889536560780e-03	1.542741e+00	-1.543328e+00	-1.546240e+00
5.194420786560779e-03	1.627160e+00	-1.627606e+00	-1.631218e+00
5.213952036560779e-03	1.687019e+00	-1.687317e+00	-1.691661e+00
5.233483286560778e-03	1.721418e+00	-1.721563e+00	-1.726660e+00
5.253014536560778e-03	1.729839e+00	-1.729829e+00	-1.735689e+00
5.272545786560777e-03	1.712156e+00	-1.711991e+00	-1.718611e+00
5.292077036560777e-03	1.668635e+00	-1.668318e+00	-1.675683e+00
5.311608286560777e-03	1.599931e+00	-1.599466e+00	-1.607552e+00
5.331139536560776e-03	1.507076e+00	-1.506471e+00	-1.515241e+00
5.350670786560776e-03	1.391468e+00	-1.390732e+00	-1.400140e+00
5.370202036560775e-03	1.254846e+00	-1.253989e+00	-1.263980e+00
5.389733286560775e-03	1.099263e+00	-1.098299e+00	-1.108808e+00
5.409264536560775e-03	9.270616e-01	-9.260043e-01	-9.369587e-01
5.428795786560774e-03	7.408306e-01	-7.396962e-01	-7.510166e-01
5.448327036560774e-03	5.433713e-01	-5.421770e-01	-5.537785e-01
5.467858286560773e-03	3.376539e-01	-3.364175e-01	-3.482110e-01
5.487389536560773e-03	1.267724e-01	-1.255127e-01	-1.374061e-01
5.506920786560772e-03	-8.610114e-02	8.736536e-02	7.546545e-02
5.526452036560772e-03	-2.977650e-01	2.990146e-01	2.872020e-01
5.545983286560772e-03	-5.050353e-01	5.062516e-01	4.946187e-01
5.565514536560771e-03	-7.047948e-01	7.059594e-01	6.945959e-01
5.585045786560771e-03	-8.940386e-01	8.951341e-01	8.841257e-01
5.604577036560770e-03	-1.069920e+00	1.070930e+00	1.060357e+00
5.624108286560770e-03	-1.229795e+00	1.230704e+00	1.220641e+00
5.643639536560770e-03	-1.371257e+00	1.372051e+00	1.362564e+00
5.663170786560769e-03	-1.492179e+00	1.492847e+00	1.483993e+00
5.682702036560769e-03	-1.590742e+00	1.591274e+00	1.583102e+00
5.702233286560768e-03	-1.665464e+00	1.665851e+00	1.658399e+00
5.721764536560768e-03	-1.715221e+00	1.715458e+00	1.708752e+00
5.741295786560767e-03	-1.739264e+00	1.739347e+00	1.733404e+00
5.760827036560767e-03	-1.737232e+00	1.737160e+00	1.731985e+00
5.780358286560767e-03	-1.709155e+00	1.708929e+00	1.704514e+00
5.799889536560766e-03	-1.655456e+00	1.655079e+00	1.651406e+00
5.819420786560766e-03	-1.576942e+00	1.576420e+00	1.573459e+00
5.838952036560765e-03	-1.474794e+00	1.474135e+00	1.471846e+00
5.858483286560765e-03	-1.350548e+00	1.349762e+00	1.348095e+00
5.878014536560765e-03	-1.206073e+00	1.205172e+00	1.204068e+00
5.897545786560764e-03	-1.043543e+00	1.042539e+00	1.041930e+00
5.917077036560764e-03	-8.654006e-01	8.643105e-01	8.641207e-01
5.936608286560763e-03	-6.743268e-01	6.731664e-01	6.733140e-01
5.956139536560763e-03	-4.731949e-01	4.719817e-01	4.723802e-01
5.975670786560762e-03	-2.650302e-01	2.637824e-01	2.643412e-01
5.995202036560762e-03	-5.296364e-02	5.169990e-02	5.232638e-02
6.014733286560762e-03	1.598152e-01	-1.610758e-01	-1.604755e-01
6.034264536560761e-03	3.701060e-01	-3.713444e-01	-3.708637e-01
6.053795786560761e-03	5.747457e-01	-5.759434e-01	-5.756738e-01
6.073327036560760e-03	7.706565e-01	-7.717954e-01	-7.718251e-01
6.092858286560760e-03	9.548916e-01	-9.559547e-01	-9.563676e-01
6.112389536560760e-03	1.124680e+00	-1.125651e+00	-1.126525e+00
6.131920786560759e-03	1.277468e+00	-1.278333e+00	-1.279739e+00
6.151452036560759e-03	1.410958e+00	-1.411703e+00	-1.413704e+00
6.170983286560758e-03	1.523142e+00	-1.523756e+00	-1.526406e+00
6.190514536560758e-03	1.612332e+00	-1.612806e+00	-1.616150e+00
6.210045786560757e-03	1.677186e+00	-1.677514e+00	-1.681584e+00
6.229577036560757e-03	1.716731e+00	-1.716907e+00	-1.721727e+00
6.249108286560757e-03	1.730371e+00	-1.730392e+00	-1.735973e+00
6.268639536560756e-03	1.717900e+00	-1.717766e+00	-1.724108e+00
6.288170786560756e-03	1.679506e+00	-1.679219e+00	-1.686311e+00
6.307702036560755e-03	1.615768e+00	-1.615332e+00	-1.623151e+00
6.327233286560755e-03	1.527643e+00	-1.527065e+00	-1.535576e+00
6.346764536560755e-03	1.416457e+00	-1.415746e+00	-1.424906e+00
6.366295786560754e-03	1.283882e+00	-1.283048e+00	-1.292803e+00
6.385827036560754e-03	1.131913e+00	-1.130969e+00	-1.141255e+00
6.405358286560753e-03	9.628358e-01	-9.617958e-01	-9.725420e-01
6.424889536560753e-03	7.791926e-01	-7.780724e-01	-7.892009e-01
6.444420786560752e-03	5.837461e-01	-5.825624e-01	-5.939894e-01
6.463952036560752e-03	3.794360e-01	-3.782066e-01	-3.898439e-01
6.483483286560752e-03	1.693354e-01	-1.680788e-01	-1.798347e-01
6.503014536560751e-03	-4.339571e-02	4.466055e-02	3.287942e-02
6.522545786560751e-03	-2.555575e-01	2.568116e-01	2.450990e-01
6.542077036560750e-03	-4.639588e-01	4.651833e-01	4.536320e-01
6.561608286560750e-03	-6.654651e-01	6.666415e-01	6.553420e-01
6.581139536560750e-03	-8.570455e-01	8.581562e-01	8.471950e-01
6.600670786560749e-03	-1.035818e+00	1.036847e+00	1.026305e+00
6.620202036560749e-03	-1.199095e+00	1.200025e+00	1.189979e+00
6.639733286560748e-03	-1.344419e+00	1.345237e+00	1.335755e+00
6.659264536560748e-03	-1.469605e+00	1.470299e+00	1.461439e+00
6.678795786560747e-03	-1.572770e+00	1.573330e+00	1.565142e+00
6.698327036560747e-03	-1.652362e+00	1.652779e+00	1.645304e+00
6.717858286560747e-03	-1.707184e+00	1.707451e+00	1.700719e+00
6.737389536560746e-03	-1.736412e+00	1.736525e+00	1.730554e+00
6.756920786560746e-03	-1.739605e+00	1.739564e+00	1.734359e+00
6.776452036560745e-03	-1.716716e+00	1.716520e+00	1.712078e+00
6.795983286560745e-03	-1.668088e+00	1.667741e+00	1.664046e+00
6.815514536560745e-03	-1.594454e+00	1.593961e+00	1.590985e+00
6.835045786560744e-03	-1.496921e+00	1.496289e+00	1.493994e+00
6.854577036560744e-03	-1.376956e+00	1.376194e+00	1.374532e+00
6.874108286560743e-03	-1.236362e+00	1.235483e+00	1.234396e+00
6.893639536560743e-03	-1.077255e+00	1.076271e+00	1.075693e+00
6.913170786560742e-03	-9.020284e-01	9.009545e-01	9.008110e-01
6.932702036560742e-03	-7.133168e-01	7.121691e-01	7.123799e-01
6.952233286560742e-03	-5.139588e-01	5.127547e-01	5.132339e-01
6.971764536560741e-03	-3.069530e-01	3.057105e-01	3.063684e-01
6.991295786560741e-03	-9.541281e-02	9.415074e-02	9.489484e-02
7.001061411560741e-03	1.106469e-02	-1.232948e-02	-1.157738e-02
7.020592661560740e-03	2.234323e-01	-2.246882e-01	-2.239905e-01
7.040123911560740e-03	4.323569e-01	-4.335850e-01	-4.330346e-01
7.059655161560739e-03	6.346959e-01	-6.358779e-01	-6.355655e-01
7.079186411560739e-03	8.274062e-01	-8.285242e-01	-8.285369e-01
7.098717661560739e-03	1.007589e+00	-1.008626e+00	-1.009046e+00
7.118248911560738e-03	1.172535e+00	-1.173475e+00	-1.174379e+00
7.137780161560738e-03	1.319762e+00	-1.320592e+00	-1.322047e+00
7.157311411560737e-03	1.447057e+00	-1.447764e+00	-1.449831e+00
7.176842661560737e-03	1.552504e+00	-1.553077e+00	-1.555808e+00
7.196373911560736e-03	1.634518e+00	-1.634949e+00	-1.638384e+00
7.215905161560736e-03	1.691865e+00	-1.692147e+00	-1.696318e+00
7.235436411560736e-03	1.723683e+00	-1.723812e+00	-1.728737e+00
7.254967661560735e-03	1.729493e+00	-1.729467e+00	-1.735154e+00
7.274498911560735e-03	1.709208e+00	-1.709027e+00	-1.715474e+00
7.294030161560734e-03	1.663133e+00	-1.662800e+00	-1.669990e+00
7.313561411560734e-03	1.591960e+00	-1.591481e+00	-1.599389e+00
7.333092661560734e-03	1.496761e+00	-1.496143e+00	-1.504731e+00
7.352623911560733e-03	1.378968e+00	-1.378219e+00	-1.387441e+00
7.372155161560733e-03	1.240352e+00	-1.239484e+00	-1.249282e+00
7.391686411560732e-03	1.082998e+00	-1.082024e+00	-1.092333e+00
7.411217661560732e-03	9.092729e-01	-9.082071e-01	-9.189540e-01
7.430748911560731e-03	7.217898e-01	-7.206486e-01	-7.317533e-01
7.450280161560731e-03	5.233685e-01	-5.221692e-01	-5.335463e-01
7.469811411560731e-03	3.169937e-01	-3.157541e-01	-3.273143e-01
7.489342661560730e-03	1.057693e-01	-1.045082e-01	-1.161592e-01
7.499108286560730e-03	-6.702051e-04	1.934914e-03	-9.726412e-03
7.518639536560730e-03	-2.132021e-01	2.144599e-01	2.028483e-01
7.538170786560729e-03	-4.226089e-01	4.238408e-01	4.123721e-01
7.557702036560729e-03	-6.257407e-01	6.269282e-01	6.156933e-01
7.577233286560728e-03	-8.195423e-01	8.206675e-01	8.097540e-01
7.596764536560728e-03	-1.001099e+00	1.002145e+00	9.916351e-01
7.616295786560727e-03	-1.167679e+00	1.168630e+00	1.158601e+00
7.635827036560727e-03	-1.316778e+00	1.317619e+00	1.308141e+00
7.655358286560727e-03	-1.446152e+00	1.446872e+00	1.438005e+00
7.674889536560726e-03	-1.553856e+00	1.554444e+00	1.546240e+00
7.694420786560726e-03	-1.638270e+00	1.638716e+00	1.631218e+00
7.713952036560725e-03	-1.698125e+00	1.698422e+00	1.691661e+00
7.733483286560725e-03	-1.732519e+00	1.732664e+00	1.726660e+00
7.753014536560725e-03	-1.740935e+00	1.740925e+00	1.735689e+00
7.772545786560724e-03	-1.723248e+00	1.723083e+00	1.718611e+00
7.792077036560724e-03	-1.679722e+00	1.679405e+00	1.675683e+00
7.811608286560723e-03	-1.611012e+00	1.610548e+00	1.607552e+00
7.831139536560724e-03	-1.518153e+00	1.517548e+00	1.515241e+00
7.850670786560723e-03	-1.402540e+00	1.401803e+00	1.400140e+00
7.870202036560723e-03	-1.265913e+00	1.265056e+00	1.263980e+00
7.889733286560723e-03	-1.110325e+00	1.109361e+00	1.108808e+00
7.909264536560722e-03	-9.381190e-01	9.370617e-01	9.369587e-01
7.928795786560722e-03	-7.518831e-01	7.507489e-01	7.510166e-01
7.948327036560721e-03	-5.544190e-01	5.532248e-01	5.537785e-01
7.967858286560721e-03	-3.486968e-01	3.474605e-01	3.482110e-01
7.987389536560720e-03	-1.378105e-01	1.365509e-01	1.374061e-01
8.006920786560720e-03	7.506784e-02	-7.633197e-02	-7.546545e-02
8.026452036560720e-03	2.867365e-01	-2.879860e-01	-2.872020e-01
8.045983286560719e-03	4.940116e-01	-4.952279e-01	-4.946187e-01
8.065514536560719e-03	6.937758e-01	-6.949404e-01	-6.945959e-01
8.085045786560718e-03	8.830245e-01	-8.841199e-01	-8.841257e-01
8.104577036560718e-03	1.058911e+00	-1.059921e+00	-1.060357e+00
8.124108286560718e-03	1.218790e+00	-1.219699e+00	-1.220641e+00
8.143639536560717e-03	1.360257e+00	-1.361051e+00	-1.362564e+00
8.163170786560717e-03	1.481184e+00	-1.481852e+00	-1.483993e+00
8.182702036560716e-03	1.579752e+00	-1.580284e+00	-1.583102e+00
8.202233286560716e-03	1.654479e+00	-1.654866e+00	-1.658399e+00
8.221764536560715e-03	1.704241e+00	-1.704477e+00	-1.708752e+00
8.241295786560715e-03	1.728289e+00	-1.728372e+00	-1.733404e+00
8.260827036560715e-03	1.726261e+00	-1.726189e+00	-1.731985e+00
8.280358286560714e-03	1.698189e+00	-1.697963e+00	-1.704514e+00
8.299889536560714e-03	1.644495e+00	-1.644118e+00	-1.651406e+00
8.319420786560713e-03	1.565985e+00	-1.565463e+00	-1.573459e+00
8.338952036560713e-03	1.463842e+00	-1.463183e+00	-1.471846e+00
8.358483286560713e-03	1.339601e+00	-1.338814e+00	-1.348095e+00
8.378014536560712e-03	1.195131e+00	-1.194229e+00	-1.204068e+00
8.397545786560712e-03	1.032605e+00	-1.031601e+00	-1.041930e+00
8.417077036560711e-03	8.544677e-01	-8.533776e-01	-8.641207e-01
8.436608286560711e-03	6.633986e-01	-6.622382e-01	-6.733140e-01
8.456139536560710e-03	4.622715e-01	-4.610582e-01	-4.723802e-01
8.475670786560710e-03	2.541116e-01	-2.528636e-01	-2.643412e-01
8.495202036560710e-03	4.204977e-02	-4.078595e-02	-5.232638e-02
8.514733286560709e-03	-1.707243e-01	1.719850e-01	1.604755e-01
8.534264536560709e-03	-3.810103e-01	3.822489e-01	3.708637e-01
8.553795786560708e-03	-5.856453e-01	5.868431e-01	5.756738e-01
8.573327036560708e-03	-7.815513e-01	7.826904e-01	7.718251e-01
8.592858286560708e-03	-9.657817e-01	9.668449e-01	9.563676e-01
8.612389536560707e-03	-1.135566e+00	1.136537e+00	1.126525e+00
8.631920786560707e-03	-1.288349e+00	1.289214e+00	1.279739e+00
8.651452036560706e-03	-1.421834e+00	1.422579e+00	1.413704e+00
8.670983286560706e-03	-1.534013e+00	1.534627e+00	1.526406e+00
8.690514536560705e-03	-1.623198e+00	1.623673e+00	1.616150e+00
8.710045786560705e-03	-1.688048e+00	1.688376e+00	1.681584e+00
8.729577036560705e-03	-1.727588e+00	1.727764e+00	1.721727e+00
8.749108286560704e-03	-1.741223e+00	1.741244e+00	1.735973e+00
8.768639536560704e-03	-1.728747e+00	1.728613e+00	1.724108e+00
8.788170786560703e-03	-1.690349e+00	1.690062e+00	1.686311e+00
8.807702036560703e-03	-1.626606e+00	1.626170e+00	1.623151e+00
8.827233286560703e-03	-1.538476e+00	1.537898e+00	1.535576e+00
8.846764536560702e-03	-1.427285e+00	1.426574e+00	1.424906e+00
8.866295786560702e-03	-1.294706e+00	1.293872e+00	1.292803e+00
8.885827036560701e-03	-1.142733e+00	1.141789e+00	1.141255e+00
8.905358286560701e-03	-9.736503e-01	9.726104e-01	9.725420e-01
8.924889536560700e-03	-7.900025e-01	7.888823e-01	7.892009e-01
8.944420786560700e-03	-5.945513e-01	5.933676e-01	5.939894e-01
8.963952036560700e-03	-3.902364e-01	3.890071e-01	3.898439e-01
8.983483286560699e-03	-1.801311e-01	1.788746e-01	1.798347e-01
9.003014536560699e-03	3.260468e-02	-3.386945e-02	-3.287942e-02
9.022545786560698e-03	2.447712e-01	-2.460252e-01	-2.450990e-01
9.042077036560698e-03	4.531772e-01	-4.544016e-01	-4.536320e-01
9.061608286560698e-03	6.546882e-01	-6.558645e-01	-6.553420e-01
9.081139536560697e-03	8.462732e-01	-8.473839e-01	-8.471950e-01
9.100670786560697e-03	1.025051e+00	-1.026079e+00	-1.026305e+00
9.120202036560696e-03	1.188332e+00	-1.189262e+00	-1.189979e+00
9.139733286560696e-03	1.333661e+00	-1.334479e+00	-1.335755e+00
9.159264536560695e-03	1.458852e+00	-1.459546e+00	-1.461439e+00
9.178795786560695e-03	1.562021e+00	-1.562581e+00	-1.565142e+00
9.198327036560695e-03	1.641618e+00	-1.642034e+00	-1.645304e+00
9.217858286560694e-03	1.696445e+00	-1.696712e+00	-1.700719e+00
9.237389536560694e-03	1.725677e+00	-1.725791e+00	-1.730554e+00
9.256920786560693e-03	1.728875e+00	-1.728833e+00	-1.734359e+00
9.276452036560693e-03	1.705990e+00	-1.705794e+00	-1.712078e+00
9.295983286560693e-03	1.657367e+00	-1.657020e+00	-1.664046e+00
9.315514536560692e-03	1.583738e+00	-1.583245e+00	-1.590985e+00
9.335045786560692e-03	1.486210e+00	-1.485577e+00	-1.493994e+00
9.354577036560691e-03	1.366249e+00	-1.365487e+00	-1.374532e+00
9.374108286560691e-03	1.225660e+00	-1.224780e+00	-1.234396e+00
9.393639536560690e-03	1.066558e+00	-1.065574e+00	-1.075693e+00
9.413170786560690e-03	8.913356e-01	-8.902616e-01	-9.008110e-01
9.432702036560690e-03	7.026286e-01	-7.014809e-01	-7.123799e-01
9.452233286560689e-03	5.032753e-01	-5.020711e-01	-5.132339e-01
9.471764536560689e-03	2.962741e-01	-2.950316e-01	-3.063684e-01
9.491295786560688e-03	8.473860e-02	-8.347645e-02	-9.489484e-02
9.510827036560688e-03	-1.281495e-01	1.294123e-01	1.180060e-01
9.530358286560688e-03	-3.391881e-01	3.404326e-01	3.291320e-01
9.549889536560687e-03	-5.452029e-01	5.464104e-01	5.353075e-01
9.569420786560687e-03	-7.430954e-01	7.442476e-01	7.334314e-01
9.588952036560686e-03	-9.298888e-01	9.309685e-01	9.205239e-01
9.608483286560686e-03	-1.102774e+00	1.103765e+00	1.093771e+00
9.628014536560685e-03	-1.259150e+00	1.260037e+00	1.250566e+00
9.647545786560685e-03	-1.396665e+00	1.397435e+00	1.388552e+00
9.667077036560685e-03	-1.513251e+00	1.513892e+00	1.505653e+00
9.686608286560684e-03	-1.607153e+00	1.607657e+00	1.600108e+00
9.706139536560684e-03	-1.676961e+00	1.677318e+00	1.670495e+00
9.725670786560683e-03	-1.721623e+00	1.721829e+00	1.715756e+00
9.745202036560683e-03	-1.740468e+00	1.740520e+00	1.735211e+00
9.764733286560683e-03	-1.733212e+00	1.733109e+00	1.728567e+00
9.784264536560682e-03	-1.699964e+00	1.699708e+00	1.695923e+00
9.803795786560682e-03	-1.641225e+00	1.640819e+00	1.637772e+00
9.823327036560681e-03	-1.557878e+00	1.557328e+00	1.554986e+00
9.842858286560681e-03	-1.451177e+00	1.450492e+00	1.448812e+00
9.862389536560680e-03	-1.322726e+00	1.321916e+00	1.320847e+00
9.881920786560680e-03	-1.174457e+00	1.173534e+00	1.173015e+00
9.901452036560680e-03	-1.008601e+00	1.007579e+00	1.007540e+00
9.920983286560679e-03	-8.276517e-01	8.265462e-01	8.269098e-01
9.940514536560679e-03	-6.343310e-01	6.331587e-01	6.338426e-01
9.960045786560678e-03	-4.315468e-01	4.303252e-01	4.312419e-01
9.979577036560678e-03	-2.223489e-01	2.210963e-01	2.221549e-01
9.999108286560678e-03	-9.883853e-03	8.619223e-03	9.726412e-03
1.000000000000000e-02	-1.568518e-04	-1.107275e-03	-1.702939e-15
